{
  "generated_by": {
    "program": "augur",
    "version": "21.1.0"
  },
  "models": {
    "clade_membership": {
      "alphabet": [
        "L10",
        "L11",
        "L1A",
        "L1B",
        "L1C-unclade",
        "L1C.1",
        "L1C.2",
        "L1C.3",
        "L1C.4",
        "L1C.5",
        "L1D",
        "L1E",
        "L1F",
        "L1H",
        "L1I",
        "L1J",
        "L2",
        "L3",
        "L4",
        "L5A",
        "L5B",
        "L6",
        "L7",
        "L8A",
        "L8B",
        "L8C",
        "L8D",
        "L8E",
        "L9A",
        "L9B",
        "L9C",
        "L9D",
        "L9E",
        "?"
      ],
      "equilibrium_probabilities": [
        0.030094413944596353,
        0.030416709980890567,
        0.030522425290795907,
        0.0306112002956906,
        0.03015244557725347,
        0.03019632604472917,
        0.030076187833366456,
        0.03025550149339935,
        0.030094942971130256,
        0.029987056596692093,
        0.02987366227751285,
        0.030140897792028307,
        0.03065743539808063,
        0.03079279632889941,
        0.02927872887564325,
        0.031210823265359275,
        0.03032784168896485,
        0.03155384543175999,
        0.030256235594443695,
        0.030050159656168324,
        0.03004187191462376,
        0.03039131538888699,
        0.029983245625981744,
        0.030168703573042036,
        0.030462458085876,
        0.029953266218065072,
        0.03055678330248943,
        0.03043385908626045,
        0.03034156050861642,
        0.030177243743566878,
        0.030432046424780645,
        0.03032824423696837,
        0.030179765553437526
      ],
      "rate": 1.6221158417183832,
      "transition_matrix": [
        [
          0.0,
          1.0232643455348154,
          1.002991959517164,
          1.0029786938605745,
          1.0020482343345933,
          1.0101658954712573,
          1.01205328445718,
          1.0092325506071311,
          1.011762612215286,
          1.0134693882612007,
          1.0099957934899653,
          1.0056797546230904,
          1.002810870428777,
          1.0021715181280135,
          1.0112873642301838,
          0.997874451019709,
          1.0393360621524,
          0.9896764637905221,
          1.012702052914853,
          1.0628401481259733,
          1.031490556350681,
          1.0615842729282834,
          1.2363901500514123,
          1.0112475360632296,
          1.0062974322505451,
          1.0102886355576892,
          1.0053021730078109,
          1.0068457143675758,
          1.1203555555888962,
          1.0106576691520193,
          1.007225631947863,
          1.1739944077727427,
          1.0098192996124826
        ],
        [
          1.0232643455348154,
          0.0,
          0.9975393311658922,
          0.9953106795260015,
          0.9935411323109631,
          0.999531077599724,
          1.001440634404952,
          0.9985869656974751,
          1.001146440702594,
          1.0028732287871023,
          1.002442778554452,
          1.062890056425598,
          0.9953297567120203,
          0.9922167964412768,
          1.0179938476746357,
          0.9870317292232818,
          1.2261976868833315,
          1.0475930628456294,
          1.2670119342078279,
          1.0883694788103846,
          1.1442352872051416,
          1.0469146234131355,
          1.0298152878373235,
          1.0005963268486675,
          0.9955936224766602,
          0.9997019410652651,
          0.9945784440856527,
          0.9961476286156575,
          1.0229604544009616,
          0.9999528245962632,
          0.9965049747364703,
          1.0403922756226622,
          0.9991390161452149
        ],
        [
          1.002991959517164,
          0.9975393311658922,
          0.0,
          1.3704710474190953,
          1.026996704347367,
          0.9998665789404385,
          1.0017824063354768,
          0.9989193918763466,
          1.0014872273477446,
          1.0032196961601374,
          1.0463007160802773,
          1.1101193544249408,
          1.0462671241784516,
          1.006296159574733,
          1.2164317701862182,
          0.9873530454103355,
          0.9973553477343127,
          0.9885100058067234,
          1.0139114172112,
          1.0023201989873947,
          1.0024605057623581,
          0.9980870356506026,
          1.0040098530687043,
          1.000910552058747,
          0.9958901026487381,
          0.9999978739120077,
          0.9948732138716155,
          0.9964469584245833,
          0.9915656655944433,
          1.0002358889753795,
          0.9967934629700821,
          0.9964917040706216,
          0.9994263540426391
        ],
        [
          1.0029786938605745,
          0.9953106795260015,
          1.3704710474190953,
          0.0,
          1.0124363410870476,
          0.9998878206656617,
          1.001808743424801,
          0.9989381112601348,
          1.0015127877074628,
          1.003249883233635,
          1.0279674065322326,
          1.0682802889416723,
          1.0244749871463785,
          1.000123277748375,
          1.1445009113174243,
          0.9873401815012827,
          0.9963047895540995,
          0.9837054180773656,
          1.0041076784959673,
          1.0021019573905376,
          1.0020174857482076,
          0.9979924223082298,
          1.0039807946679988,
          1.0009416416394055,
          0.9959076879828276,
          1.000025671070436,
          0.9948881853726945,
          0.9964660520597787,
          0.9914786904469034,
          1.0002649297337094,
          0.9968134587715147,
          0.9963672218608443,
          0.9994531223110721
        ],
        [
          1.0020482343345933,
          0.9935411323109631,
          1.026996704347367,
          1.0124363410870476,
          0.0,
          1.4987906325387654,
          1.5018697735050919,
          1.4974517875453508,
          1.500997417071973,
          1.5035856226728537,
          1.2520946752090758,
          1.0483248118200077,
          1.1246664057458478,
          1.0785451326837203,
          1.133570375021585,
          0.9866499155281774,
          0.9950370220195968,
          0.9809791799404762,
          0.9988299991303429,
          1.0011025353978928,
          1.0009239901696516,
          0.9971047566464928,
          1.0030301354418263,
          1.0000631727262386,
          0.9951010718337173,
          0.9991704696462891,
          0.99409476009445,
          0.9956513458095946,
          0.9907101831158398,
          0.9993975416704396,
          0.9959933223889545,
          0.9954973730885198,
          0.9985989785569559
        ],
        [
          1.0101658954712573,
          0.999531077599724,
          0.9998665789404385,
          0.9998878206656617,
          1.4987906325387654,
          0.0,
          1.0090333489481769,
          1.0062037820426464,
          1.0087415105342208,
          1.0104537359980672,
          1.007006371373032,
          1.0006025120647972,
          0.9997546073994142,
          0.9991388699147072,
          1.0079718438703014,
          0.9947887998930379,
          1.002173790450286,
          0.9847664971430592,
          0.996633927935281,
          1.0090232115981113,
          1.0086405109024774,
          1.0051654587746353,
          1.0111189686916848,
          1.0082053692843456,
          1.003237757647472,
          1.0072386404016387,
          1.002239490919758,
          1.0037897868146324,
          0.998666418522241,
          1.007527831385353,
          1.0041347950765251,
          1.0034866445953357,
          1.0067169945097618
        ],
        [
          1.01205328445718,
          1.001440634404952,
          1.0017824063354768,
          1.001808743424801,
          1.5018697735050919,
          1.0090333489481769,
          0.0,
          1.0081011405677178,
          1.0106284291483938,
          1.0123335687791715,
          1.0088817459703863,
          1.0024957191801807,
          1.0016789838084643,
          1.0010709370566857,
          1.0098106118380035,
          0.9967453309220968,
          1.0040775692292185,
          0.986744348784079,
          0.9985346164300879,
          1.0109085124586534,
          1.0105251058625655,
          1.0070723842283107,
          1.0129993351262507,
          1.0100974682076904,
          1.0051489248001748,
          1.0091178419049045,
          1.0041565510115757,
          1.0056991025273143,
          1.0005718078423302,
          1.009420016528848,
          1.0060434130341995,
          1.0053899952132919,
          1.008609689110631
        ],
        [
          1.0092325506071311,
          0.9985869656974751,
          0.9989193918763466,
          0.9989381112601348,
          1.4974517875453508,
          1.0062037820426464,
          1.0081011405677178,
          0.0,
          1.0078087049719744,
          1.009524399805105,
          1.0060791278276422,
          0.9996664831705091,
          0.998803260104764,
          0.9981837143353512,
          1.0070625882591124,
          0.9938215928196107,
          1.0012324865662412,
          0.9837889368621899,
          0.9956942406206006,
          1.0080909135058442,
          1.007708568146267,
          1.0042225561791835,
          1.010189072920891,
          1.0072697307860876,
          1.0022927916218736,
          1.0063093775991694,
          1.001291634138338,
          1.0028457253915875,
          0.9977243729478703,
          1.006592159809362,
          1.003191071649409,
          1.0025455294331334,
          1.0057810843960837
        ],
        [
          1.011762612215286,
          1.001146440702594,
          1.0014872273477446,
          1.0015127877074628,
          1.500997417071973,
          1.0087415105342208,
          1.0106284291483938,
          1.0078087049719744,
          0.0,
          1.0120438747789369,
          1.008592796662932,
          1.0022040197896818,
          1.0013824411809074,
          1.0007732256667665,
          1.0095273463160253,
          0.9964438520767951,
          1.003784292643187,
          0.9864394836530984,
          0.9982417554182594,
          1.0106181518660653,
          1.0102348496180786,
          1.0067786517228798,
          1.0127097547616992,
          1.009806051482601,
          1.0048545204546537,
          1.0088284049134089,
          1.003861228466545,
          1.0054049888846748,
          1.000278250793928,
          1.0091285806567345,
          1.005749410701549,
          1.0050967987621289,
          1.0083181667591772
        ],
        [
          1.0134693882612007,
          1.0028732287871023,
          1.0032196961601374,
          1.003249883233635,
          1.5035856226728537,
          1.0104537359980672,
          1.0123335687791715,
          1.009524399805105,
          1.0120438747789369,
          0.0,
          1.0102885993637245,
          1.0039159680541292,
          1.0031226450244146,
          1.002520411545325,
          1.0111899705624154,
          0.9982132181675043,
          1.0055058634183578,
          0.9882281126496959,
          0.9999604690659424,
          1.0123230250501347,
          1.011939078277625,
          1.0085031042283357,
          1.0144101698929522,
          1.0115170814969388,
          1.0065828023798593,
          1.0105277271857143,
          1.0055948473661285,
          1.0071315961467115,
          1.0020012507470415,
          1.0108396831702549,
          1.0074753883486176,
          1.0068179926199698,
          1.010029723401028
        ],
        [
          1.0099957934899653,
          1.002442778554452,
          1.0463007160802773,
          1.0279674065322326,
          1.2520946752090758,
          1.007006371373032,
          1.0088817459703863,
          1.0060791278276422,
          1.008592796662932,
          1.0102885993637245,
          0.0,
          1.0717307198395034,
          1.1701217901173637,
          1.40115278708073,
          1.1677048437915973,
          0.994758482336642,
          1.0034360062502305,
          0.991106805188707,
          1.0107854345039011,
          1.0091247936049146,
          1.009034627992602,
          1.0051271960558348,
          1.0109635813758027,
          1.0079932203889745,
          1.003074059316653,
          1.0070392748248913,
          1.0020850515645467,
          1.0036206689592497,
          0.9986664487006723,
          1.0073229106229247,
          1.0039622986224788,
          1.0035030298274064,
          1.0065204532541192
        ],
        [
          1.0056797546230904,
          1.062890056425598,
          1.1101193544249408,
          1.0682802889416723,
          1.0483248118200077,
          1.0006025120647972,
          1.0024957191801807,
          0.9996664831705091,
          1.0022040197896818,
          1.0039159680541292,
          1.0717307198395034,
          0.0,
          1.0768123939821572,
          1.0160597946890655,
          1.285058303095298,
          0.9882293897019854,
          1.031309589635495,
          1.133430447534718,
          1.2529161454523712,
          1.012263767658176,
          1.0198338972124668,
          1.0035690438839395,
          1.0073329102503576,
          1.0016293280206299,
          0.996667879802424,
          1.000724793391828,
          0.995663194032024,
          0.997218161261041,
          0.9958210462734962,
          1.0009656684772985,
          0.9975624566593159,
          1.002367259538714,
          1.000164066040148
        ],
        [
          1.002810870428777,
          0.9953297567120203,
          1.0462671241784516,
          1.0244749871463785,
          1.1246664057458478,
          0.9997546073994142,
          1.0016789838084643,
          0.998803260104764,
          1.0013824411809074,
          1.0031226450244146,
          1.1701217901173637,
          1.0768123939821572,
          0.0,
          1.0477647170106725,
          1.1955281800168702,
          0.9871496733701258,
          0.9962132584523252,
          0.9839083393858031,
          1.005051442148135,
          1.0019484280101478,
          1.0018819482864139,
          0.997820896453854,
          1.003816263242076,
          1.0007673899322589,
          0.9957253013413303,
          0.9998512744817502,
          0.9947039925206893,
          0.9962845382736938,
          0.9912974224672305,
          1.0000898399093383,
          0.9966325013774838,
          0.9961965714037133,
          0.9992768993489982
        ],
        [
          1.0021715181280135,
          0.9922167964412768,
          1.006296159574733,
          1.000123277748375,
          1.0785451326837203,
          0.9991388699147072,
          1.0010709370566857,
          0.9981837143353512,
          1.0007732256667665,
          1.002520411545325,
          1.40115278708073,
          1.0160597946890655,
          1.0477647170106725,
          0.0,
          1.0577436881225308,
          0.9864737416617527,
          0.9944438008518554,
          0.9779989741248938,
          0.9926391029489643,
          1.0010986785878067,
          1.0007936769228643,
          0.9970944220006632,
          1.003162801567393,
          1.0001704406696401,
          0.9951083105430485,
          0.999255133129656,
          0.9940824097423545,
          0.995669697731942,
          0.9905765389015043,
          0.9994907308289077,
          0.9960187895339785,
          0.9954359155746538,
          0.998675304776749
        ],
        [
          1.0112873642301838,
          1.0179938476746357,
          1.2164317701862182,
          1.1445009113174243,
          1.133570375021585,
          1.0079718438703014,
          1.0098106118380035,
          1.0070625882591124,
          1.0095273463160253,
          1.0111899705624154,
          1.1677048437915973,
          1.285058303095298,
          1.1955281800168702,
          1.0577436881225308,
          0.0,
          1.4943066134430534,
          1.0115828050699802,
          1.0234371420543271,
          1.0713149575938081,
          1.0118655452388885,
          1.0132636313027543,
          1.0070070457008713,
          1.0123627007362477,
          1.008959641842348,
          1.0041353113566145,
          1.0080177191991238,
          1.0031660631101396,
          1.0046715129302528,
          1.0004550570337554,
          1.008301949248101,
          1.0050070853891244,
          1.0055547002476735,
          1.0075137987037877
        ],
        [
          0.997874451019709,
          0.9870317292232818,
          0.9873530454103355,
          0.9873401815012827,
          0.9866499155281774,
          0.9947887998930379,
          0.9967453309220968,
          0.9938215928196107,
          0.9964438520767951,
          0.9982132181675043,
          0.994758482336642,
          0.9882293897019854,
          0.9871496733701258,
          0.9864737416617527,
          1.4943066134430534,
          0.0,
          0.9897263072270299,
          0.9717395022942161,
          0.9841831634987318,
          0.9967382981394214,
          0.9963583706380809,
          0.992715049394751,
          0.9988791514754651,
          0.9958697632250714,
          0.9907460584230884,
          0.9949786882943599,
          0.9897033244487977,
          0.9913137013470634,
          0.986180930936378,
          0.9951870173824165,
          0.9916655746065831,
          0.9910474194254794,
          0.9943672815718047
        ],
        [
          1.0393360621524,
          1.2261976868833315,
          0.9973553477343127,
          0.9963047895540995,
          0.9950370220195968,
          1.002173790450286,
          1.0040775692292185,
          1.0012324865662412,
          1.003784292643187,
          1.0055058634183578,
          1.0034360062502305,
          1.031309589635495,
          0.9962132584523252,
          0.9944438008518554,
          1.0115828050699802,
          0.9897263072270299,
          0.0,
          1.0145405923510522,
          1.1533518389188997,
          1.145130238954212,
          1.2277739991244827,
          1.0815668673069678,
          1.0490602823922932,
          1.0032435540097444,
          0.9982546960878449,
          1.0023342996481384,
          0.9972445117124783,
          0.998807138009219,
          1.0446390009683282,
          1.0026133620370927,
          0.9991705283321852,
          1.0687157888187746,
          1.0017938775120567
        ],
        [
          0.9896764637905221,
          1.0475930628456294,
          0.9885100058067234,
          0.9837054180773656,
          0.9809791799404762,
          0.9847664971430592,
          0.986744348784079,
          0.9837889368621899,
          0.9864394836530984,
          0.9882281126496959,
          0.991106805188707,
          1.133430447534718,
          0.9839083393858031,
          0.9779989741248938,
          1.0234371420543271,
          0.9717395022942161,
          1.0145405923510522,
          0.0,
          1.262048615645439,
          0.9956121390961102,
          1.002815346813942,
          0.9869845810197959,
          0.9913436204714489,
          0.9858397737083463,
          0.9806679976774655,
          0.9850272271037417,
          0.9796046596591647,
          0.9812394740549591,
          0.9794517245886191,
          0.985167265839672,
          0.9815932286085424,
          0.9859884697314074,
          0.9843522203970478
        ],
        [
          1.012702052914853,
          1.2670119342078279,
          1.0139114172112,
          1.0041076784959673,
          0.9988299991303429,
          0.996633927935281,
          0.9985346164300879,
          0.9956942406206006,
          0.9982417554182594,
          0.9999604690659424,
          1.0107854345039011,
          1.2529161454523712,
          1.005051442148135,
          0.9926391029489643,
          1.0713149575938081,
          0.9841831634987318,
          1.1533518389188997,
          1.262048615645439,
          0.0,
          1.0556176802908543,
          1.0930252881133975,
          1.0258244856988745,
          1.0173856613303527,
          0.9976819750809842,
          0.9927042982276343,
          0.9968150303848554,
          0.9916912798699338,
          0.993255395454298,
          1.0090613696263768,
          0.9970365378645182,
          0.9936060114907936,
          1.022484380049729,
          0.9962335524084789
        ],
        [
          1.0628401481259733,
          1.0883694788103846,
          1.0023201989873947,
          1.0021019573905376,
          1.0011025353978928,
          1.0090232115981113,
          1.0109085124586534,
          1.0080909135058442,
          1.0106181518660653,
          1.0123230250501347,
          1.0091247936049146,
          1.012263767658176,
          1.0019484280101478,
          1.0010986785878067,
          1.0118655452388885,
          0.9967382981394214,
          1.145130238954212,
          0.9956121390961102,
          1.0556176802908543,
          0.0,
          1.0981767582643176,
          1.12566768603356,
          1.0776996975411977,
          1.0100979618121517,
          1.0051534823492667,
          1.0091466415375203,
          1.0041586049610167,
          1.0057012861406551,
          1.0844657059300913,
          1.0094839781750813,
          1.0060730678680971,
          1.1102800237367327,
          1.0086576484197967
        ],
        [
          1.031490556350681,
          1.1442352872051416,
          1.0024605057623581,
          1.0020174857482076,
          1.0009239901696516,
          1.0086405109024774,
          1.0105251058625655,
          1.007708568146267,
          1.0102348496180786,
          1.011939078277625,
          1.009034627992602,
          1.0198338972124668,
          1.0018819482864139,
          1.0007936769228643,
          1.0132636313027543,
          0.9963583706380809,
          1.2277739991244827,
          1.002815346813942,
          1.0930252881133975,
          1.0981767582643176,
          0.0,
          1.0535485562198437,
          1.0383471813217477,
          1.0097088701241068,
          1.0047647295357747,
          1.0087465059744565,
          1.0037711898783779,
          1.0053134432032536,
          1.0327704503496984,
          1.0090622567198588,
          1.0056703272450536,
          1.0520849204798413,
          1.0082453099405693
        ],
        [
          1.0615842729282834,
          1.0469146234131355,
          0.9980870356506026,
          0.9979924223082298,
          0.9971047566464928,
          1.0051654587746353,
          1.0070723842283107,
          1.0042225561791835,
          1.0067786517228798,
          1.0085031042283357,
          1.0051271960558348,
          1.0035690438839395,
          0.997820896453854,
          0.9970944220006632,
          1.0070070457008713,
          0.992715049394751,
          1.0815668673069678,
          0.9869845810197959,
          1.0258244856988745,
          1.12566768603356,
          1.0535485562198437,
          0.0,
          1.0787543725599662,
          1.0062470896549967,
          1.001248858755639,
          1.00531708732243,
          1.0002391621403721,
          1.0018021730316482,
          1.0864810675387635,
          1.005635742933631,
          1.0021762223976687,
          1.1307465441892584,
          1.004803425489438
        ],
        [
          1.2363901500514123,
          1.0298152878373235,
          1.0040098530687043,
          1.0039807946679988,
          1.0030301354418263,
          1.0111189686916848,
          1.0129993351262507,
          1.010189072920891,
          1.0127097547616992,
          1.0144101698929522,
          1.0109635813758027,
          1.0073329102503576,
          1.003816263242076,
          1.003162801567393,
          1.0123627007362477,
          0.9988791514754651,
          1.0490602823922932,
          0.9913436204714489,
          1.0173856613303527,
          1.0776996975411977,
          1.0383471813217477,
          1.0787543725599662,
          0.0,
          1.0121998018489267,
          1.0072678932057548,
          1.0112404937529194,
          1.006276802901171,
          1.0078140017138562,
          1.138508945213948,
          1.0116262460338594,
          1.008198679282888,
          1.1953130713853475,
          1.0107846393340247
        ],
        [
          1.0112475360632296,
          1.0005963268486675,
          1.000910552058747,
          1.0009416416394055,
          1.0000631727262386,
          1.0082053692843456,
          1.0100974682076904,
          1.0072697307860876,
          1.009806051482601,
          1.0115170814969388,
          1.0079932203889745,
          1.0016293280206299,
          1.0007673899322589,
          1.0001704406696401,
          1.008959641842348,
          0.9958697632250714,
          1.0032435540097444,
          0.9858397737083463,
          0.9976819750809842,
          1.0100979618121517,
          1.0097088701241068,
          1.0062470896549967,
          1.0121998018489267,
          0.0,
          1.2381648326419528,
          1.1883958890307844,
          1.0897426299435802,
          1.094501919636713,
          1.0788909895756846,
          1.010343983018634,
          1.006515016599005,
          1.0139545181163014,
          1.0102969819770098
        ],
        [
          1.0062974322505451,
          0.9955936224766602,
          0.9958901026487381,
          0.9959076879828276,
          0.9951010718337173,
          1.003237757647472,
          1.0051489248001748,
          1.0022927916218736,
          1.0048545204546537,
          1.0065828023798593,
          1.003074059316653,
          0.996667879802424,
          0.9957253013413303,
          0.9951083105430485,
          1.0041353113566145,
          0.9907460584230884,
          0.9982546960878449,
          0.9806679976774655,
          0.9927042982276343,
          1.0051534823492667,
          1.0047647295357747,
          1.001248858755639,
          1.0072678932057548,
          1.2381648326419528,
          0.0,
          1.2339222080915901,
          1.1276282728533618,
          1.1329908787827188,
          1.1040649694498446,
          1.006350532381103,
          1.0022891804361345,
          1.0133707317850933,
          1.0067003173644296
        ],
        [
          1.0102886355576892,
          0.9997019410652651,
          0.9999978739120077,
          1.000025671070436,
          0.9991704696462891,
          1.0072386404016387,
          1.0091178419049045,
          1.0063093775991694,
          1.0088284049134089,
          1.0105277271857143,
          1.0070392748248913,
          1.000724793391828,
          0.9998512744817502,
          0.999255133129656,
          1.0080177191991238,
          0.9949786882943599,
          1.0023342996481384,
          0.9850272271037417,
          0.9968150303848554,
          1.0091466415375203,
          1.0087465059744565,
          1.00531708732243,
          1.0112404937529194,
          1.1883958890307844,
          1.2339222080915901,
          0.0,
          1.1944545666374338,
          1.2000236099792168,
          1.3320079233603308,
          1.0184799151404205,
          1.0131497085592085,
          1.0505547404459694,
          1.021992486242309
        ],
        [
          1.0053021730078109,
          0.9945784440856527,
          0.9948732138716155,
          0.9948881853726945,
          0.99409476009445,
          1.002239490919758,
          1.0041565510115757,
          1.001291634138338,
          1.003861228466545,
          1.0055948473661285,
          1.0020850515645467,
          0.995663194032024,
          0.9947039925206893,
          0.9940824097423545,
          1.0031660631101396,
          0.9897033244487977,
          0.9972445117124783,
          0.9796046596591647,
          0.9916912798699338,
          1.0041586049610167,
          1.0037711898783779,
          1.0002391621403721,
          1.006276802901171,
          1.0897426299435802,
          1.1276282728533618,
          1.1944545666374338,
          0.0,
          1.2208943921547366,
          1.0796996367363159,
          1.0045894005303149,
          1.0006647724576638,
          1.0089304983604452,
          1.0046270567787543
        ],
        [
          1.0068457143675758,
          0.9961476286156575,
          0.9964469584245833,
          0.9964660520597787,
          0.9956513458095946,
          1.0037897868146324,
          1.0056991025273143,
          1.0028457253915875,
          1.0054049888846748,
          1.0071315961467115,
          1.0036206689592497,
          0.997218161261041,
          0.9962845382736938,
          0.995669697731942,
          1.0046715129302528,
          0.9913137013470634,
          0.998807138009219,
          0.9812394740549591,
          0.993255395454298,
          1.0057012861406551,
          1.0053134432032536,
          1.0018021730316482,
          1.0078140017138562,
          1.094501919636713,
          1.1329908787827188,
          1.2000236099792168,
          1.2208943921547366,
          0.0,
          1.0836693753360334,
          1.0062174260318022,
          1.0022933493865753,
          1.0108454321063134,
          1.0062880772567275
        ],
        [
          1.1203555555888962,
          1.0229604544009616,
          0.9915656655944433,
          0.9914786904469034,
          0.9907101831158398,
          0.998666418522241,
          1.0005718078423302,
          0.9977243729478703,
          1.000278250793928,
          1.0020012507470415,
          0.9986664487006723,
          0.9958210462734962,
          0.9912974224672305,
          0.9905765389015043,
          1.0004550570337554,
          0.986180930936378,
          1.0446390009683282,
          0.9794517245886191,
          1.0090613696263768,
          1.0844657059300913,
          1.0327704503496984,
          1.0864810675387635,
          1.138508945213948,
          1.0788909895756846,
          1.1040649694498446,
          1.3320079233603308,
          1.0796996367363159,
          1.0836693753360334,
          0.0,
          1.3643273101197237,
          1.2677665112923704,
          1.9428321965860469,
          1.3322174363140629
        ],
        [
          1.0106576691520193,
          0.9999528245962632,
          1.0002358889753795,
          1.0002649297337094,
          0.9993975416704396,
          1.007527831385353,
          1.009420016528848,
          1.006592159809362,
          1.0091285806567345,
          1.0108396831702549,
          1.0073229106229247,
          1.0009656684772985,
          1.0000898399093383,
          0.9994907308289077,
          1.008301949248101,
          0.9951870173824165,
          1.0026133620370927,
          0.985167265839672,
          0.9970365378645182,
          1.0094839781750813,
          1.0090622567198588,
          1.005635742933631,
          1.0116262460338594,
          1.010343983018634,
          1.006350532381103,
          1.0184799151404205,
          1.0045894005303149,
          1.0062174260318022,
          1.3643273101197237,
          0.0,
          1.0208450607054096,
          1.1309078058692004,
          1.032888877932552
        ],
        [
          1.007225631947863,
          0.9965049747364703,
          0.9967934629700821,
          0.9968134587715147,
          0.9959933223889545,
          1.0041347950765251,
          1.0060434130341995,
          1.003191071649409,
          1.005749410701549,
          1.0074753883486176,
          1.0039622986224788,
          0.9975624566593159,
          0.9966325013774838,
          0.9960187895339785,
          1.0050070853891244,
          0.9916655746065831,
          0.9991705283321852,
          0.9815932286085424,
          0.9936060114907936,
          1.0060730678680971,
          1.0056703272450536,
          1.0021762223976687,
          1.008198679282888,
          1.006515016599005,
          1.0022891804361345,
          1.0131497085592085,
          1.0006647724576638,
          1.0022933493865753,
          1.2677665112923704,
          1.0208450607054096,
          0.0,
          1.0693299834163033,
          1.225294426555555
        ],
        [
          1.1739944077727427,
          1.0403922756226622,
          0.9964917040706216,
          0.9963672218608443,
          0.9954973730885198,
          1.0034866445953357,
          1.0053899952132919,
          1.0025455294331334,
          1.0050967987621289,
          1.0068179926199698,
          1.0035030298274064,
          1.002367259538714,
          0.9961965714037133,
          0.9954359155746538,
          1.0055547002476735,
          0.9910474194254794,
          1.0687157888187746,
          0.9859884697314074,
          1.022484380049729,
          1.1102800237367327,
          1.0520849204798413,
          1.1307465441892584,
          1.1953130713853475,
          1.0139545181163014,
          1.0133707317850933,
          1.0505547404459694,
          1.0089304983604452,
          1.0108454321063134,
          1.9428321965860469,
          1.1309078058692004,
          1.0693299834163033,
          0.0,
          1.0935175206792966
        ],
        [
          1.0098192996124826,
          0.9991390161452149,
          0.9994263540426391,
          0.9994531223110721,
          0.9985989785569559,
          1.0067169945097618,
          1.008609689110631,
          1.0057810843960837,
          1.0083181667591772,
          1.010029723401028,
          1.0065204532541192,
          1.000164066040148,
          0.9992768993489982,
          0.998675304776749,
          1.0075137987037877,
          0.9943672815718047,
          1.0017938775120567,
          0.9843522203970478,
          0.9962335524084789,
          1.0086576484197967,
          1.0082453099405693,
          1.004803425489438,
          1.0107846393340247,
          1.0102969819770098,
          1.0067003173644296,
          1.021992486242309,
          1.0046270567787543,
          1.0062880772567275,
          1.3322174363140629,
          1.032888877932552,
          1.225294426555555,
          1.0935175206792966,
          0.0
        ]
      ]
    },
    "country": {
      "alphabet": [
        "",
        "Canada",
        "China",
        "Hong_Kong",
        "India",
        "Japan",
        "Mexico",
        "South_Korea",
        "Taiwan",
        "Thailand",
        "USA",
        "Vietnam",
        "?"
      ],
      "equilibrium_probabilities": [
        0.0553298974207819,
        0.07532143985676944,
        0.09125404441210862,
        0.08933035381056775,
        0.08950342442623602,
        0.08136197808551211,
        0.05879744552811059,
        0.07432116065867338,
        0.07766654889754565,
        0.08630888893398424,
        0.12091521016948899,
        0.0998896078002213
      ],
      "rate": 1.4317082984886569,
      "transition_matrix": [
        [
          0.0,
          1.0206571961943012,
          1.4225837843891482,
          1.0203437491999354,
          1.0208361801271055,
          0.9916373371300229,
          1.0221788075440001,
          0.9649755311181123,
          0.9993686725019115,
          1.0156099443258348,
          3.137463557706823,
          1.0207177331958783
        ],
        [
          1.0206571961943012,
          0.0,
          0.9589474268908896,
          1.0199823100259733,
          1.0208041290335934,
          0.9814096346170478,
          0.9876224855427316,
          0.94618747236793,
          0.9915157890213324,
          1.0135943996190733,
          1.0074093070607595,
          1.0206199782310004
        ],
        [
          1.4225837843891482,
          0.9589474268908896,
          0.0,
          1.2533277728387355,
          1.3217733014332322,
          0.9131330078007923,
          0.9803606955649868,
          0.8808270103877058,
          1.3246247068401884,
          1.8210672042437361,
          1.0336980729521834,
          2.178519056674982
        ],
        [
          1.0203437491999354,
          1.0199823100259733,
          1.2533277728387355,
          0.0,
          1.0204183743051685,
          0.9739530185352477,
          0.9813095386297178,
          0.9330060845612438,
          1.2313569090247516,
          1.0120551961024424,
          0.6314132793910837,
          1.0204931009600948
        ],
        [
          1.0208361801271055,
          1.0208041290335934,
          1.3217733014332322,
          1.0204183743051685,
          0.0,
          0.9746886197943877,
          0.9818164618939256,
          0.9335561780278604,
          0.9866638675698023,
          1.0128811468727996,
          0.6308877392988324,
          1.156130036488866
        ],
        [
          0.9916373371300229,
          0.9814096346170478,
          0.9131330078007923,
          0.9739530185352477,
          0.9746886197943877,
          0.0,
          0.9563608369098074,
          0.9112591868252861,
          0.9559383603234727,
          0.9691434562544704,
          0.9425206697815791,
          0.9694342271938106
        ],
        [
          1.0221788075440001,
          0.9876224855427316,
          0.9803606955649868,
          0.9813095386297178,
          0.9818164618939256,
          0.9563608369098074,
          0.0,
          0.932680920209217,
          0.9653739994058358,
          0.9780022899279053,
          2.8000913548891613,
          0.9773623052042252
        ],
        [
          0.9649755311181123,
          0.94618747236793,
          0.8808270103877058,
          0.9330060845612438,
          0.9335561780278604,
          0.9112591868252861,
          0.932680920209217,
          0.0,
          0.9208553947606443,
          0.9304323803166853,
          1.5586299090401723,
          0.9242375262701881
        ],
        [
          0.9993686725019115,
          0.9915157890213324,
          1.3246247068401884,
          1.2313569090247516,
          0.9866638675698023,
          0.9559383603234727,
          0.9653739994058358,
          0.9208553947606443,
          0.0,
          0.9810563365620748,
          0.9637978783900116,
          0.9830206864174897
        ],
        [
          1.0156099443258348,
          1.0135943996190733,
          1.8210672042437361,
          1.0120551961024424,
          1.0128811468727996,
          0.9691434562544704,
          0.9780022899279053,
          0.9304323803166853,
          0.9810563365620748,
          0.0,
          0.9529587837158441,
          1.2342419712957453
        ],
        [
          3.137463557706823,
          1.0074093070607595,
          1.0336980729521834,
          0.6314132793910837,
          0.6308877392988324,
          0.9425206697815791,
          2.8000913548891613,
          1.5586299090401723,
          0.9637978783900116,
          0.9529587837158441,
          0.0,
          0.6040797431929281
        ],
        [
          1.0207177331958783,
          1.0206199782310004,
          2.178519056674982,
          1.0204931009600948,
          1.156130036488866,
          0.9694342271938106,
          0.9773623052042252,
          0.9242375262701881,
          0.9830206864174897,
          1.2342419712957453,
          0.6040797431929281,
          0.0
        ]
      ]
    },
    "rflp": {
      "alphabet": [
        "1-1-2",
        "1-1-3",
        "1-1-4",
        "1-10-1",
        "1-10-2",
        "1-10-3",
        "1-10-4",
        "1-115-4",
        "1-12-1",
        "1-12-2",
        "1-12-4",
        "1-13-2",
        "1-153-4",
        "1-16-2",
        "1-16-3",
        "1-16-4",
        "1-17-4",
        "1-18-1",
        "1-18-2",
        "1-18-4",
        "1-19-2",
        "1-19-4",
        "1-19-6",
        "1-2-1",
        "1-2-2",
        "1-2-3",
        "1-2-4",
