{
  "generated_by": {
    "program": "augur",
    "version": "21.1.0"
  },
  "models": {
    "clade_membership": {
      "alphabet": [
        "L10",
        "L11",
        "L1A",
        "L1B",
        "L1C-unclade",
        "L1C.1",
        "L1C.2",
        "L1C.3",
        "L1C.4",
        "L1C.5",
        "L1D",
        "L1E",
        "L1F",
        "L1H",
        "L1I",
        "L1J",
        "L2",
        "L3",
        "L4",
        "L5A",
        "L5B",
        "L6",
        "L7",
        "L8A",
        "L8B",
        "L8C",
        "L8D",
        "L8E",
        "L9A",
        "L9B",
        "L9C",
        "L9D",
        "L9E",
        "?"
      ],
      "equilibrium_probabilities": [
        0.030028934124729036,
        0.03054978581175545,
        0.030547025118667748,
        0.030611696483448986,
        0.03084885291265796,
        0.029885068133646484,
        0.03007120648786986,
        0.030254754891383715,
        0.03009133907020239,
        0.029978061223073733,
        0.029801357144811663,
        0.028837848044487278,
        0.030504482060896027,
        0.0307519288877589,
        0.029681859198748786,
        0.03089224335494685,
        0.030405463309744783,
        0.03163178535622621,
        0.030808596863360734,
        0.030115331351264703,
        0.030152734494136905,
        0.03043753400599446,
        0.029953338378892268,
        0.030192660645506377,
        0.030515026767888774,
        0.02995862329989996,
        0.03046847378332892,
        0.030509666500673518,
        0.03063358230449861,
        0.030069688714811502,
        0.030395870386219367,
        0.03034859673735854,
        0.03006658415110963
      ],
      "rate": 1.6210990348798053,
      "transition_matrix": [
        [
          0.0,
          1.052231262664206,
          1.0030985503688217,
          1.0032127744085721,
          1.0025721136262988,
          1.0101752943357518,
          1.012296851798619,
          1.0094064410868966,
          1.0119803598223995,
          1.0137724258332144,
          1.010195015634868,
          1.1845809728456171,
          1.0030895552422368,
          1.0022872531073983,
          1.011747061546484,
          0.9983340248988912,
          1.0347582249854943,
          0.9882296612326107,
          1.0015312278926733,
          1.0829221892627328,
          1.0809846798750022,
          1.0514082190504257,
          1.1512085870914117,
          1.0121813851558459,
          1.0075746809227257,
          1.0175597648186625,
          1.0059870091836267,
          1.0078800341497054,
          1.0405053365495105,
          1.0798345352406817,
          1.0197679308454677,
          1.0198791139560133,
          1.0685216537533868
        ],
        [
          1.052231262664206,
          0.0,
          0.9924028585531728,
          0.9924603080469251,
          0.9917188028133368,
          0.9995878455135805,
          1.0016359598312787,
          0.9986946682928481,
          1.0013138447571073,
          1.0031376363535116,
          0.9996964662361738,
          1.3010298597146586,
          0.9923693251260852,
          0.9914556188081137,
          1.0015774739994352,
          0.9875021346887551,
          1.3660995577983617,
          0.9775576532279064,
          0.9923646959651862,
          1.0537331363818385,
          1.0527443233952238,
          1.0082778255876421,
          1.0376780725641623,
          1.00095141871603,
          0.9959767312711346,
          1.0013866579200343,
          0.9957749697711444,
          0.9964745634491284,
          1.0011074368292041,
          1.0169940442840888,
          0.9996293489344762,
          0.9993849266541788,
          1.0136459597057996
        ],
        [
          1.0030985503688217,
          0.9924028585531728,
          0.0,
          1.3601100376517576,
          1.0098529043078361,
          0.9998374530973552,
          1.0018758665244938,
          0.9989346861767359,
          1.001553761872261,
          1.003377490672568,
          1.0323534660997438,
          1.139965354165956,
          1.0199148912751081,
          1.0022920991940945,
          1.2137948568157837,
          1.013380227630137,
          0.9951701665497625,
          0.9772419341789589,
          0.9900074099324124,
          1.0019332865536426,
          1.0015071024398023,
          0.9979036427110087,
          1.0040187740230122,
          1.001019589395045,
          0.9959580730479786,
          0.9998142845149818,
          0.9952407235861734,
          0.9965176353958525,
          0.9920290398827578,
          1.000203381326853,
          0.996859085376719,
          0.9964714578377307,
          0.9993642385399154
        ],
        [
          1.0032127744085721,
          0.9924603080469251,
          1.3601100376517576,
          0.0,
          1.002560617729774,
          0.9999575847642785,
          1.0020055883639278,
          0.9990586879985944,
          1.001682857206992,
          1.0035101437559968,
          1.0199057061300008,
          1.0916988478927774,
          1.0090546862825072,
          0.9979764950525741,
          1.1469322277515384,
          1.0031012989964583,
          0.9952546451270424,
          0.977304398647561,
          0.9899984399870951,
          1.0020424565771657,
          1.0016164803691179,
          0.9980248552610921,
          1.0041406548897902,
          1.0011519322316103,
          0.9960805186198,
          0.9999416564294726,
          0.9953296743749972,
          0.9966413628061919,
          0.9921386740989845,
          1.00032482877829,
          0.996981473540325,
          0.9965926434324883,
          0.9994850126522564
        ],
        [
          1.0025721136262988,
          0.9917188028133368,
          1.0098529043078361,
          1.002560617729774,
          0.0,
          1.9991814110737844,
          1.502121039560597,
          1.49793834173924,
          1.5016326607386914,
          1.5043403793845653,
          1.2783860840821055,
          1.0593019501297614,
          1.0683614598688007,
          1.0956595887313496,
          1.083905623771144,
          1.0589022206614562,
          0.9945472132176523,
          0.9764696898904325,
          0.9891972030659653,
          1.001390979784508,
          1.0009620176715854,
          0.9973533627550465,
          1.0035109963714888,
          1.000508605010851,
          0.9953984319082034,
          0.9992935978500227,
          0.9946244664872684,
          0.9959630967454653,
          0.9914261475357311,
          0.9996727836634344,
          0.996306337274877,
          0.995915649190557,
          0.9988282943370459
        ],
        [
          1.0101752943357518,
          0.9995878455135805,
          0.9998374530973552,
          0.9999575847642785,
          1.9991814110737844,
          0.0,
          1.0090199080833364,
          1.0061434729201537,
          1.0087039264227593,
          1.0104870342526167,
          1.0070404395787087,
          0.999190644291579,
          0.9999109001267398,
          0.9991221126986292,
          1.0083564898596629,
          0.995170468896181,
          1.0023578965120041,
          0.9848461087360786,
          0.997099270172932,
          1.009032493448104,
          1.0086193364297773,
          1.0051599886296478,
          1.0110875050810455,
          1.0082112446987292,
          1.0032622590453215,
          1.006960989107793,
          1.0024400172393224,
          1.0038160315045388,
          0.9993772316032205,
          1.007350971659691,
          1.0041251045817916,
          1.0037303390240433,
          1.0065214676794085
        ],
        [
          1.012296851798619,
          1.0016359598312787,
          1.0018758665244938,
          1.0020055883639278,
          1.502121039560597,
          1.0090199080833364,
          0.0,
          1.0082374317268643,
          1.0108131303002919,
          1.0126066355671732,
          1.0090527585052211,
          1.0010863293575631,
          1.001919222345265,
          1.0011360685941146,
          1.010400886804077,
          0.9971583654095026,
          1.0044242430694168,
          0.9868172374149846,
          0.9991391076964127,
          1.011148232083067,
          1.0107334560531434,
          1.0072582261308978,
          1.0132131436729113,
          1.0103232863921854,
          1.0053459434258962,
          1.0090434780674062,
          1.0045111086907434,
          1.005904990690808,
          1.0014292956952298,
          1.009445679573483,
          1.006209270824254,
          1.0058071845898842,
          1.0086072705846854
        ],
        [
          1.0094064410868966,
          0.9986946682928481,
          0.9989346861767359,
          0.9990586879985944,
          1.49793834173924,
          1.0061434729201537,
          1.0082374317268643,
          0.0,
          1.0079186452508007,
          1.0097235059488656,
          1.006182281671514,
          0.9983000884797414,
          0.998981213178518,
          0.9981756060072765,
          1.0075424790002139,
          0.9941838878733235,
          1.0014972815020795,
          0.9837775555327609,
          0.9961746288184893,
          1.008249441682311,
          1.007831008276138,
          1.0043284449332466,
          1.010330193139007,
          1.0074179477862195,
          1.0024089156345446,
          1.0061591733461794,
          1.0015791652949195,
          1.0029687483750807,
          0.9984800297310051,
          1.0065508746234944,
          1.0032835182017474,
          1.0028854920994046,
          1.0057125361880488
        ],
        [
          1.0119803598223995,
          1.0013138447571073,
          1.001553761872261,
          1.001682857206992,
          1.5016326607386914,
          1.0087039264227593,
          1.0108131303002919,
          1.0079186452508007,
          0.0,
          1.01229089013684,
          1.0087384177753334,
          1.0007812235393563,
          1.0015974596866055,
          1.0008118353326503,
          1.010087891881909,
          0.9968325824661552,
          1.0041037111425877,
          0.9864842669925126,
          0.9988144383742454,
          1.0108308167282265,
          1.0104156373902962,
          1.006937394443024,
          1.012897473797406,
          1.0100051491188047,
          1.0050243096718376,
          1.008727644999035,
          1.00419003039338,
          1.0055834451995265,
          1.0011063042793422,
          1.0091286951619176,
          1.0058888778274546,
          1.0054872358627944,
          1.008290290964204
        ],
        [
          1.0137724258332144,
          1.0031376363535116,
          1.003377490672568,
          1.0035101437559968,
          1.5043403793845653,
          1.0104870342526167,
          1.0126066355671732,
          1.0097235059488656,
          1.01229089013684,
          0.0,
          1.0105181620320869,
          1.0025085253377588,
          1.0034192327949085,
          1.002647600902448,
          1.0118600724824072,
          0.9986770864920639,
          1.0059185667327648,
          0.988369411442875,
          1.0006526799418753,
          1.0126281023978163,
          1.0122152020653676,
          1.0087539939843093,
          1.0146848921292495,
          1.0118065151037727,
          1.00684542809824,
          1.0105159239313024,
          1.0060079868071992,
          1.0074040720312976,
          1.0029350638165726,
          1.010923509978042,
          1.0077029736282572,
          1.0072988055720697,
          1.0100850656520282
        ],
        [
          1.010195015634868,
          0.9996964662361738,
          1.0323534660997438,
          1.0199057061300008,
          1.2783860840821055,
          1.0070404395787087,
          1.0090527585052211,
          1.006182281671514,
          1.0087384177753334,
          1.0105181620320869,
          0.0,
          1.1083642044051394,
          1.1306393211654968,
          1.372583507035771,
          1.1384241841445726,
          1.1195851379233188,
          1.002418802749965,
          0.9849329207861747,
          0.997335060956787,
          1.0090599081238587,
          1.008646106048631,
          1.005153854489238,
          1.0110926250169896,
          1.0081862846654797,
          1.0032475610055696,
          1.006941571164257,
          1.0025059007191224,
          1.0038000135175755,
          0.999380825379978,
          1.0073467275920414,
          1.004112205492887,
          1.0037185050487873,
          1.0065161705620915
        ],
        [
          1.1845809728456171,
          1.3010298597146586,
          1.139965354165956,
          1.0916988478927774,
          1.0593019501297614,
          0.999190644291579,
          1.0010863293575631,
          0.9983000884797414,
          1.0007812235393563,
          1.0025085253377588,
          1.1083642044051394,
          0.0,
          1.0899299972691885,
          1.0321024874194833,
          1.3781611190681706,
          1.0806459127710866,
          1.2107485458926655,
          1.4652800041507752,
          1.4828335928818863,
          1.1936169897895,
          1.187789469546951,
          1.0405073848302058,
          1.1285988183345033,
          1.0009080873499265,
          0.9964525971785518,
          1.0059802266412623,
          1.4874469433633457,
          0.9967481924792075,
          1.025469536966205,
          1.06058369806983,
          1.0076814702163954,
          1.0076556266002172,
          1.0507553947523218
        ],
        [
          1.0030895552422368,
          0.9923693251260852,
          1.0199148912751081,
          1.0090546862825072,
          1.0683614598688007,
          0.9999109001267398,
          1.001919222345265,
          0.998981213178518,
          1.0015974596866055,
          1.0034192327949085,
          1.1306393211654968,
          1.0899299972691885,
          0.0,
          1.037443736755142,
          1.1199662527140324,
          1.2748100509327696,
          0.9951561116181016,
          0.9772632088729256,
          0.9899107645132312,
          1.0019230603212774,
          1.001498081310485,
          0.9979174837707923,
          1.004014640674918,
          1.001035209738816,
          0.9959794943122308,
          0.9998305852511605,
          0.9952338083086483,
          0.9965384290214873,
          0.9920504496064363,
          1.0002115528059004,
          0.9968780212068736,
          0.9964908022116595,
          0.9993747040197302
        ],
        [
          1.0022872531073983,
          0.9914556188081137,
          1.0022920991940945,
          0.9979764950525741,
          1.0956595887313496,
          0.9991221126986292,
          1.0011360685941146,
          0.9981756060072765,
          1.0008118353326503,
          1.002647600902448,
          1.372583507035771,
          1.0321024874194833,
          1.037443736755142,
          0.0,
          1.0506420786224084,
          1.029754004312899,
          0.9942837489711422,
          0.9762624882978583,
          0.9889151338891297,
          1.0011087107765362,
          1.0006811193907785,
          0.9970914891507972,
          1.0032260106719155,
          1.000240312370605,
          0.9951459282488588,
          0.9990318915124745,
          0.9943592770937926,
          0.9957085614234651,
          0.991185025066799,
          0.999404889313038,
          0.9960509249288453,
          0.9956621697160964,
          0.9985642590214383
        ],
        [
          1.011747061546484,
          1.0015774739994352,
          1.2137948568157837,
          1.1469322277515384,
          1.083905623771144,
          1.0083564898596629,
          1.010400886804077,
          1.0075424790002139,
          1.010087891881909,
          1.0118600724824072,
          1.1384241841445726,
          1.3781611190681706,
          1.1199662527140324,
          1.0506420786224084,
          0.0,
          1.1098391850094007,
          1.0041131321877768,
          0.9865780801551354,
          0.9997146045600706,
          1.010640407963429,
          1.010219920349048,
          1.0065920705657256,
          1.0125896635307814,
          1.0095695027431089,
          1.0046518002368652,
          1.0083227297989414,
          1.0041520555508205,
          1.0052030075685217,
          1.000830689804653,
          1.008792054963962,
          1.0055211366577421,
          1.0051265440480739,
          1.007952421758022
        ],
        [
          0.9983340248988912,
          0.9875021346887551,
          1.013380227630137,
          1.0031012989964583,
          1.0589022206614562,
          0.995170468896181,
          0.9971583654095026,
          0.9941838878733235,
          0.9968325824661552,
          0.9986770864920639,
          1.1195851379233188,
          1.0806459127710866,
          1.2748100509327696,
          1.029754004312899,
          1.1098391850094007,
          0.0,
          0.9903209768767605,
          0.9722059291037357,
          0.9849940292321386,
          0.9971508879140111,
          0.9967191194397587,
          0.9930880054891666,
          0.9992740452498315,
          0.9962531897515231,
          0.991134234700956,
          0.9950789983538351,
          0.9903911329693433,
          0.9916958312920977,
          0.9871754231974375,
          0.9954433245789106,
          0.9920528344185358,
          0.9916711106161096,
          0.9946046323544099
        ],
        [
          1.0347582249854943,
          1.3660995577983617,
          0.9951701665497625,
          0.9952546451270424,
          0.9945472132176523,
          1.0023578965120041,
          1.0044242430694168,
          1.0014972815020795,
          1.0041037111425877,
          1.0059185667327648,
          1.002418802749965,
          1.2107485458926655,
          0.9951561116181016,
          0.9942837489711422,
          1.0041131321877768,
          0.9903209768767605,
          0.0,
          0.9802174425028155,
          0.9941882700060338,
          1.0351603702486933,
          1.0344845692515092,
          1.0065096188843639,
          1.0265296849469043,
          1.0036823188525317,
          0.9986957135952699,
          1.0034098722419489,
          0.9982545199481077,
          0.9992191664515827,
          1.0001180868464012,
          1.0128499738238523,
          1.001190217598121,
          1.0008897322055597,
          1.010513334362542
        ],
        [
          0.9882296612326107,
          0.9775576532279064,
          0.9772419341789589,
          0.977304398647561,
          0.9764696898904325,
          0.9848461087360786,
          0.9868172374149846,
          0.9837775555327609,
          0.9864842669925126,
          0.988369411442875,
          0.9849329207861747,
          1.4652800041507752,
          0.9772632088729256,
          0.9762624882978583,
          0.9865780801551354,
          0.9722059291037357,
          0.9802174425028155,
          0.0,
          0.9774413517452593,
          0.9870387439466056,
          0.9865883928932976,
          0.9826985852692696,
          0.9891447760188548,
          0.9859084732301051,
          0.9806760154193536,
          0.9848116802634107,
          0.9826489790481691,
          0.9812406347199834,
          0.9767083908269775,
          0.9852038368581961,
          0.98164557657574,
          0.9812779909683457,
          0.9843538040023546
        ],
        [
          1.0015312278926733,
          0.9923646959651862,
          0.9900074099324124,
          0.9899984399870951,
          0.9891972030659653,
          0.997099270172932,
          0.9991391076964127,
          0.9961746288184893,
          0.9988144383742454,
          1.0006526799418753,
          0.997335060956787,
          1.4828335928818863,
          0.9899107645132312,
          0.9889151338891297,
          0.9997146045600706,
          0.9849940292321386,
          0.9941882700060338,
          0.9774413517452593,
          0.0,
          1.0004360172059872,
          0.9999872553261094,
          0.99538068085025,
          1.002106998169178,
          0.9982854874584155,
          0.9931854545732876,
          0.9971351916003341,
          0.996849913711284,
          0.9937455615519092,
          0.9894527942917948,
          0.9978810508843572,
          0.994163957556023,
          0.9937829530752386,
          0.9969800894204258
        ],
        [
          1.0829221892627328,
          1.0537331363818385,
          1.0019332865536426,
          1.0020424565771657,
          1.001390979784508,
          1.009032493448104,
          1.011148232083067,
          1.008249441682311,
          1.0108308167282265,
          1.0126281023978163,
          1.0090599081238587,
          1.1936169897895,
          1.0019230603212774,
          1.0011087107765362,
          1.010640407963429,
          0.9971508879140111,
          1.0351603702486933,
          0.9870387439466056,
          1.0004360172059872,
          0.0,
          1.3189720658107027,
          1.021272793802305,
          1.0617086807680454,
          1.0105517832360469,
          1.0056802372294953,
          1.0115534923634135,
          1.0048519102451927,
          1.0061576532817387,
          1.0146131896365973,
          1.0341020021689507,
          1.0103096498181205,
          1.0101300507136288,
          1.0297821591136305
        ],
        [
          1.0809846798750022,
          1.0527443233952238,
          1.0015071024398023,
          1.0016164803691179,
          1.0009620176715854,
          1.0086193364297773,
          1.0107334560531434,
          1.007831008276138,
          1.0104156373902962,
          1.0122152020653676,
          1.008646106048631,
          1.187789469546951,
          1.001498081310485,
          1.0006811193907785,
          1.010219920349048,
          0.9967191194397587,
          1.0344845692515092,
          0.9865883928932976,
          0.9999872553261094,
          1.3189720658107027,
          0.0,
          1.0204981699735352,
          1.060267584069363,
          1.010132954097497,
          1.0052547385987671,
          1.01107526657514,
          1.0044211369668699,
          1.0057327692172662,
          1.0139671441376468,
          1.0331521148875376,
          1.0098478980080838,
          1.0096683004689526,
          1.0287572411650219
        ],
        [
          1.0514082190504257,
          1.0082778255876421,
          0.9979036427110087,
          0.9980248552610921,
          0.9973533627550465,
          1.0051599886296478,
          1.0072582261308978,
          1.0043284449332466,
          1.006937394443024,
          1.0087539939843093,
          1.005153854489238,
          1.0405073848302058,
          0.9979174837707923,
          0.9970914891507972,
          1.0065920705657256,
          0.9930880054891666,
          1.0065096188843639,
          0.9826985852692696,
          0.99538068085025,
          1.021272793802305,
          1.0204981699735352,
          0.0,
          1.0957903238590474,
          1.0078277894265109,
          1.003552178295994,
          1.0202072232801607,
          1.0006272043642939,
          1.003581047437249,
          1.076089805971177,
          1.146829371447584,
          1.0279011856780051,
          1.0287188564259284,
          1.1251295452013879
        ],
        [
          1.1512085870914117,
          1.0376780725641623,
          1.0040187740230122,
          1.0041406548897902,
          1.0035109963714888,
          1.0110875050810455,
          1.0132131436729113,
          1.010330193139007,
          1.012897473797406,
          1.0146848921292495,
          1.0110926250169896,
          1.1285988183345033,
          1.004014640674918,
          1.0032260106719155,
          1.0125896635307814,
          0.9992740452498315,
          1.0265296849469043,
          0.9891447760188548,
          1.002106998169178,
          1.0617086807680454,
          1.060267584069363,
          1.0957903238590474,
          0.0,
          1.0138587755229238,
          1.0096246275859746,
          1.0251639650553312,
          1.0068340036415515,
          1.0096966683278337,
          1.0713871575931746,
          1.1330509303870826,
          1.0319591334735387,
          1.0320571654019326,
          1.1136923157647243
        ],
        [
          1.0121813851558459,
          1.00095141871603,
          1.001019589395045,
          1.0011519322316103,
          1.000508605010851,
          1.0082112446987292,
          1.0103232863921854,
          1.0074179477862195,
          1.0100051491188047,
          1.0118065151037727,
          1.0081862846654797,
          1.0009080873499265,
          1.001035209738816,
          1.000240312370605,
          1.0095695027431089,
          0.9962531897515231,
          1.0036823188525317,
          0.9859084732301051,
          0.9982854874584155,
          1.0105517832360469,
          1.010132954097497,
          1.0078277894265109,
          1.0138587755229238,
          0.0,
          1.2178985490364065,
          1.2645128424803433,
          1.003677591837785,
          1.1072476908330595,
          1.0153627763731485,
          1.016275975435225,
          1.0196986202786298,
          1.0537319890759893,
          1.0199753390802515
        ],
        [
          1.0075746809227257,
          0.9959767312711346,
          0.9959580730479786,
          0.9960805186198,
          0.9953984319082034,
          1.0032622590453215,
          1.0053459434258962,
          1.0024089156345446,
          1.0050243096718376,
          1.00684542809824,
          1.0032475610055696,
          0.9964525971785518,
          0.9959794943122308,
          0.9951459282488588,
          1.0046518002368652,
          0.991134234700956,
          0.9986957135952699,
          0.9806760154193536,
          0.9931854545732876,
          1.0056802372294953,
          1.0052547385987671,
          1.003552178295994,
          1.0096246275859746,
          1.2178985490364065,
          0.0,
          1.3037025409151246,
          0.9986325477885112,
          1.140796611285658,
          1.0159507716634282,
          1.0144006650536448,
          1.0206649539078143,
          1.0646183724525218,
          1.0196866782950758
        ],
        [
          1.0175597648186625,
          1.0013866579200343,
          0.9998142845149818,
          0.9999416564294726,
          0.9992935978500227,
          1.006960989107793,
          1.0090434780674062,
          1.0061591733461794,
          1.008727644999035,
          1.0105159239313024,
          1.006941571164257,
          1.0059802266412623,
          0.9998305852511605,
          0.9990318915124745,
          1.0083227297989414,
          0.9950789983538351,
          1.0034098722419489,
          0.9848116802634107,
          0.9971351916003341,
          1.0115534923634135,
          1.01107526657514,
          1.0202072232801607,
          1.0251639650553312,
          1.2645128424803433,
          1.3037025409151246,
          0.0,
          1.0024580215722327,
          1.298451116296466,
          1.0956425095068423,
          1.0612904388256157,
          1.107362240708038,
          1.2678606772166052,
          1.0865784550024993
        ],
        [
          1.0059870091836267,
          0.9957749697711444,
          0.9952407235861734,
          0.9953296743749972,
          0.9946244664872684,
          1.0024400172393224,
          1.0045111086907434,
          1.0015791652949195,
          1.00419003039338,
          1.0060079868071992,
          1.0025059007191224,
          1.4874469433633457,
          0.9952338083086483,
          0.9943592770937926,
          1.0041520555508205,
          0.9903911329693433,
          0.9982545199481077,
          0.9826489790481691,
          0.996849913711284,
          1.0048519102451927,
          1.0044211369668699,
          1.0006272043642939,
          1.0068340036415515,
          1.003677591837785,
          0.9986325477885112,
          1.0024580215722327,
          0.0,
          0.9991925078906044,
          0.9947507923862869,
          1.0029368374061642,
          0.9995395525772337,
          0.9991479995924958,
          1.0020821032760718
        ],
        [
          1.0078800341497054,
          0.9964745634491284,
          0.9965176353958525,
          0.9966413628061919,
          0.9959630967454653,
          1.0038160315045388,
          1.005904990690808,
          1.0029687483750807,
          1.0055834451995265,
          1.0074040720312976,
          1.0038000135175755,
          0.9967481924792075,
          0.9965384290214873,
          0.9957085614234651,
          1.0052030075685217,
          0.9916958312920977,
          0.9992191664515827,
          0.9812406347199834,
          0.9937455615519092,
          1.0061576532817387,
          1.0057327692172662,
          1.003581047437249,
          1.0096966683278337,
          1.1072476908330595,
          1.140796611285658,
          1.298451116296466,
          0.9991925078906044,
          0.0,
          1.0133410987601055,
          1.0131383560676843,
          1.0176556445571978,
          1.0573459619474825,
          1.0176025281473349
        ],
        [
          1.0405053365495105,
          1.0011074368292041,
          0.9920290398827578,
          0.9921386740989845,
          0.9914261475357311,
          0.9993772316032205,
          1.0014292956952298,
          0.9984800297310051,
          1.0011063042793422,
          1.0029350638165726,
          0.999380825379978,
          1.025469536966205,
          0.9920504496064363,
          0.991185025066799,
          1.000830689804653,
          0.9871754231974375,
          1.0001180868464012,
          0.9767083908269775,
          0.9894527942917948,
          1.0146131896365973,
          1.0139671441376468,
          1.076089805971177,
          1.0713871575931746,
          1.0153627763731485,
          1.0159507716634282,
          1.0956425095068423,
          0.9947507923862869,
          1.0133410987601055,
          0.0,
          1.1885448463398256,
          1.1573949273641593,
          1.1427005719122503,
          1.2532074141096756
        ],
        [
          1.0798345352406817,
          1.0169940442840888,
          1.000203381326853,
          1.00032482877829,
          0.9996727836634344,
          1.007350971659691,
          1.009445679573483,
          1.0065508746234944,
          1.0091286951619176,
          1.010923509978042,
          1.0073467275920414,
          1.06058369806983,
          1.0002115528059004,
          0.999404889313038,
          1.008792054963962,
          0.9954433245789106,
          1.0128499738238523,
          0.9852038368581961,
          0.9978810508843572,
          1.0341020021689507,
          1.0331521148875376,
          1.146829371447584,
          1.1330509303870826,
          1.016275975435225,
          1.0144006650536448,
          1.0612904388256157,
          1.0029368374061642,
          1.0131383560676843,
          1.1885448463398256,
          0.0,
          1.0949002277949478,
          1.088534128718868,
          1.2663397193664654
        ],
        [
          1.0197679308454677,
          0.9996293489344762,
          0.996859085376719,
          0.996981473540325,
          0.996306337274877,
          1.0041251045817916,
          1.006209270824254,
          1.0032835182017474,
          1.0058888778274546,
          1.0077029736282572,
          1.004112205492887,
          1.0076814702163954,
          0.9968780212068736,
          0.9960509249288453,
          1.0055211366577421,
          0.9920528344185358,
          1.001190217598121,
          0.98164557657574,
          0.994163957556023,
          1.0103096498181205,
          1.0098478980080838,
          1.0279011856780051,
          1.0319591334735387,
          1.0196986202786298,
          1.0206649539078143,
          1.107362240708038,
          0.9995395525772337,
          1.0176556445571978,
          1.1573949273641593,
          1.0949002277949478,
          0.0,
          1.1639573808413373,
          1.1378463557441048
        ],
        [
          1.0198791139560133,
          0.9993849266541788,
          0.9964714578377307,
          0.9965926434324883,
          0.995915649190557,
          1.0037303390240433,
          1.0058071845898842,
          1.0028854920994046,
          1.0054872358627944,
          1.0072988055720697,
          1.0037185050487873,
          1.0076556266002172,
          0.9964908022116595,
          0.9956621697160964,
          1.0051265440480739,
          0.9916711106161096,
          1.0008897322055597,
          0.9812779909683457,
          0.9937829530752386,
          1.0101300507136288,
          1.0096683004689526,
          1.0287188564259284,
          1.0320571654019326,
          1.0537319890759893,
          1.0646183724525218,
          1.2678606772166052,
          0.9991479995924958,
          1.0573459619474825,
          1.1427005719122503,
          1.088534128718868,
          1.1639573808413373,
          0.0,
          1.1256052923083482
        ],
        [
          1.0685216537533868,
          1.0136459597057996,
          0.9993642385399154,
          0.9994850126522564,
          0.9988282943370459,
          1.0065214676794085,
          1.0086072705846854,
          1.0057125361880488,
          1.008290290964204,
          1.0100850656520282,
          1.0065161705620915,
          1.0507553947523218,
          0.9993747040197302,
          0.9985642590214383,
          1.007952421758022,
          0.9946046323544099,
          1.010513334362542,
          0.9843538040023546,
          0.9969800894204258,
          1.0297821591136305,
          1.0287572411650219,
          1.1251295452013879,
          1.1136923157647243,
          1.0199753390802515,
          1.0196866782950758,
          1.0865784550024993,
          1.0020821032760718,
          1.0176025281473349,
          1.2532074141096756,
          1.2663397193664654,
          1.1378463557441048,
          1.1256052923083482,
          0.0
        ]
      ]
    },
    "country": {
      "alphabet": [
        "",
        "Canada",
        "China",
        "Hong_Kong",
        "India",
        "Japan",
        "Mexico",
        "South_Korea",
        "Taiwan",
        "Thailand",
        "USA",
        "Vietnam",
        "?"
      ],
      "equilibrium_probabilities": [
        0.06570861112083504,
        0.07590525281875743,
        0.08892604591658561,
        0.08993838218066416,
        0.09004960798398955,
        0.07517165285588527,
        0.05660768868817688,
        0.0747615070766327,
        0.07802052394044379,
        0.08697550832125259,
        0.11740503860451582,
        0.10053018049226126
      ],
      "rate": 1.3754819458568135,
      "transition_matrix": [
        [
          0.0,
          1.024448495048011,
          1.4250051065655778,
          1.0239920271538676,
          1.0247080423342232,
          0.9904284409531893,
          0.996874510165116,
          0.9588686266378309,
          0.9994332916242461,
          1.0184758516192058,
          1.8874819215528633,
          1.0246008504389894
        ],
        [
          1.024448495048011,
          0.0,
          0.9615756864397633,
          1.0235379856550302,
          1.024520325015847,
          0.9851336972264781,
          0.992422418152722,
          0.9492192114911532,
          0.9952486863803092,
          1.0172544345963948,
          1.0061997823463391,
          1.02433531327925
        ],
        [
          1.4250051065655778,
          0.9615756864397633,
          0.0,
          1.2552953390663701,
          1.3252851106772856,
          0.921868067106719,
          0.9430293793191752,
          0.8854115065823787,
          1.3198262551235769,
          1.8260837551871696,
          1.1044560861369725,
          2.183690157010074
        ],
        [
          1.0239920271538676,
          1.0235379856550302,
          1.2552953390663701,
          0.0,
          1.0239544501116107,
          0.9775792860497581,
          0.9862030539043429,
          0.9359226144335931,
          1.2421784683154231,
          1.0155692933827731,
          0.6298685755834545,
          1.0240622057818685
        ],
        [
          1.0247080423342232,
          1.024520325015847,
          1.3252851106772856,
          1.0239544501116107,
          0.0,
          0.9784332280363821,
          0.9868456518774478,
          0.9366692021045732,
          0.9904642779465443,
          1.016523344089412,
          0.6301056071046167,
          1.1603362862382602
        ],
        [
          0.9904284409531893,
          0.9851336972264781,
          0.921868067106719,
          0.9775792860497581,
          0.9784332280363821,
          0.0,
          0.96721300485645,
          0.9166639718693697,
          0.9583701443249056,
          0.9733557991314651,
          1.293306347546774,
          0.973170820522669
        ],
        [
          0.996874510165116,
          0.992422418152722,
          0.9430293793191752,
          0.9862030539043429,
          0.9868456518774478,
          0.96721300485645,
          0.0,
          0.9392532304437083,
          0.9744403580674426,
          0.9830568419779686,
          3.2024052415498936,
          0.9824861003202342
        ],
        [
          0.9588686266378309,
          0.9492192114911532,
          0.8854115065823787,
          0.9359226144335931,
          0.9366692021045732,
          0.9166639718693697,
          0.9392532304437083,
          0.0,
          0.92277028646532,
          0.9334049619693672,
          1.5633157194840448,
          0.9272627195222322
        ],
        [
          0.9994332916242461,
          0.9952486863803092,
          1.3198262551235769,
          1.2421784683154231,
          0.9904642779465443,
          0.9583701443249056,
          0.9744403580674426,
          0.92277028646532,
          0.0,
          0.984787583556682,
          0.9673941707069886,
          0.9868702554005835
        ],
        [
          1.0184758516192058,
          1.0172544345963948,
          1.8260837551871696,
          1.0155692933827731,
          1.016523344089412,
          0.9733557991314651,
          0.9830568419779686,
          0.9334049619693672,
          0.984787583556682,
          0.0,
          0.9514522487024862,
          1.2387318089487904
        ],
        [
          1.8874819215528633,
          1.0061997823463391,
          1.1044560861369725,
          0.6298685755834545,
          0.6301056071046167,
          1.293306347546774,
          3.2024052415498936,
          1.5633157194840448,
          0.9673941707069886,
          0.9514522487024862,
          0.0,
          0.603041744921164
        ],
        [
          1.0246008504389894,
          1.02433531327925,
          2.183690157010074,
          1.0240622057818685,
          1.1603362862382602,
          0.973170820522669,
          0.9824861003202342,
          0.9272627195222322,
          0.9868702554005835,
          1.2387318089487904,
          0.603041744921164,
          0.0
        ]
      ]
    },
    "rflp": {
      "alphabet": [
        "1-1-2",
        "1-1-3",
        "1-1-4",
        "1-10-1",
        "1-10-2",
        "1-10-3",
        "1-10-4",
        "1-115-4",
        "1-12-1",
        "1-12-2",
        "1-12-4",
        "1-13-2",
        "1-153-4",
        "1-16-2",
        "1-16-3",
        "1-16-4",
        "1-17-4",
        "1-18-1",
        "1-18-2",
        "1-18-4",
        "1-19-2",
        "1-19-4",
        "1-19-6",
        "1-2-1",
        "1-2-2",
        "1-2-3",
        "1-2-4",
        "1-2-8",
