{
  "generated_by": {
    "program": "augur",
    "version": "21.1.0"
  },
  "models": {
    "clade_membership": {
      "alphabet": [
        "L10",
        "L1A",
        "L1B",
        "L1C-unclade",
        "L1C.1",
        "L1C.4",
        "L1D",
        "L1E",
        "L1F",
        "L1I",
        "L2",
        "L3",
        "L4",
        "L5A",
        "L5B",
        "L6",
        "L7",
        "L8A",
        "L8B",
        "L8C",
        "L8D",
        "L8E",
        "L9A",
        "L9B",
        "L9C",
        "L9D",
        "L9E",
        "?"
      ],
      "equilibrium_probabilities": [
        0.037157657992580445,
        0.03668947393938394,
        0.0372789186018973,
        0.03596575265085484,
        0.037471971874788394,
        0.03706549760278185,
        0.03676868185279641,
        0.03647367327157479,
        0.03704078215094373,
        0.035485775985654534,
        0.036905624570007976,
        0.03936084776523825,
        0.03657881211417041,
        0.03645010670934532,
        0.03682189530250298,
        0.036938358743174186,
        0.0369279080960714,
        0.03724347061243507,
        0.03698060938833017,
        0.03660248026717367,
        0.03804878317554685,
        0.03781126208404292,
        0.03691273967043491,
        0.037212717853122086,
        0.03746334420746538,
        0.037520116349550554,
        0.03682273716813174
      ],
      "rate": 3.191049287423908,
      "transition_matrix": [
        [
          0.0,
          0.996619810482573,
          0.983467713694558,
          0.9984658505588746,
          1.0073983648484315,
          0.9779927680778012,
          0.9864708675239633,
          0.9870861715259771,
          1.02170310951093,
          0.9994026345956687,
          0.9983873410877288,
          0.9415268608433706,
          1.0455529355361377,
          0.9917478947587499,
          0.9879525383816101,
          1.0263015441361216,
          1.2079431611818767,
          0.9935489284957244,
          1.0277583060426605,
          1.0429508824126326,
          0.9868395358133834,
          0.9914001532333814,
          1.109714694452062,
          1.005694998032839,
          1.0059338637947064,
          1.0337225261057823,
          1.0833999047451217
        ],
        [
          0.996619810482573,
          0.0,
          1.4836825074763704,
          1.086172902714434,
          1.0369932568818283,
          1.005984423202481,
          1.055774587070427,
          1.082853804591053,
          1.123605543059915,
          1.3426155508559257,
          1.0133321110972044,
          0.9697556974985367,
          1.1291455751900483,
          1.0075729114731373,
          1.005574841371432,
          1.0102639159386326,
          1.0018785034174926,
          1.0028933257779495,
          1.0186374596433494,
          1.0128043874108057,
          0.9873967712794722,
          0.9890825691780143,
          1.0274834109443078,
          1.002231399008712,
          1.0037714060148435,
          0.9998982902336261,
          1.011131748549918
        ],
        [
          0.983467713694558,
          1.4836825074763704,
          0.0,
          1.0438294475477945,
          1.023282341011768,
          0.992754955089868,
          1.0211906568212847,
          1.036923806468056,
          1.0747722173740069,
          1.1986502648637414,
          1.000046173425331,
          0.9560263062952955,
          1.0622363100595533,
          0.9944882502979226,
          0.9924053713144853,
          0.9970340455386124,
          0.9887493222509123,
          0.9896494048437091,
          1.0053256035979632,
          0.9996771946969438,
          0.9740380390026891,
          0.9757869697712725,
          1.0141059200474305,
          0.9890004047480127,
          0.9904390991707411,
          0.9865810252372704,
          0.9979406330629432
        ],
        [
          0.9984658505588746,
          1.086172902714434,
          1.0438294475477945,
          0.0,
          1.551283470847292,
          1.567223750980325,
          1.2604915364853846,
          1.0500377067788313,
          1.289560141128752,
          1.3046979231737212,
          1.0148577185979026,
          0.9719885591458046,
          1.0794025986664022,
          1.0091598288686714,
          1.0072298879071488,
          1.0118651744708307,
          1.0036286093728348,
          1.0046520972381863,
          1.0201212532886053,
          1.014356812717316,
          0.9894373889088474,
          0.9910835771665074,
          1.0288091895878697,
          1.0040021194861262,
          1.0055304397198839,
          1.0017153356069022,
          1.0127242734933504
        ],
        [
          1.0073983648484315,
          1.0369932568818283,
          1.023282341011768,
          1.551283470847292,
          0.0,
          1.1671286128057388,
          1.0263884723680665,
          1.0263063278079654,
          1.064930258145021,
          1.03887411649461,
          1.024626753495627,
          0.9796749928473507,
          1.0217219112927758,
          1.0185273734200733,
          1.0165520645712467,
          1.0215188736200314,
          1.012814203504468,
          1.0139772089572574,
          1.0303192852294112,
          1.0241178158151243,
          0.998038847021544,
          0.9997299445911255,
          1.0395126083464228,
          1.013275837649243,
          1.0149544454790635,
          1.0109244438880924,
          1.0224333491390758
        ],
        [
          0.9779927680778012,
          1.005984423202481,
          0.992754955089868,
          1.567223750980325,
          1.1671286128057388,
          0.0,
          0.9960362378934149,
          0.9961795838823411,
          1.0317407755133106,
          1.008630019381379,
          0.9942775948885406,
          0.9505360494654123,
          0.9917580805184889,
          0.9888678140558649,
          0.9867853798201622,
          0.9913510950783897,
          0.9832208897845424,
          0.9840731276934309,
          0.9995324489292917,
          0.9940193775264454,
          0.968596520985913,
          0.9703492284798523,
          1.0081760528364527,
          0.9834372984700248,
          0.9848206240068375,
          0.9810099861755129,
          0.992279099863794
        ],
        [
          0.9864708675239633,
          1.055774587070427,
          1.0211906568212847,
          1.2604915364853846,
          1.0263884723680665,
          0.9960362378934149,
          0.0,
          1.0260110060245746,
          1.2032379214577442,
          1.2340845584529416,
          1.0029239055013262,
          0.9593010347772678,
          1.0470486849126448,
          0.9973732521720411,
          0.9953276578985326,
          0.9999394883332124,
          0.9917035162184962,
          0.9926164760768643,
          1.008175017347764,
          1.0025371792485664,
          0.9771555436668962,
          0.9788782387648312,
          1.0168911625509465,
          0.9919710958417283,
          0.9934166725068047,
          0.9895852172973716,
          1.0008264096812605
        ],
        [
          0.9870861715259771,
          1.082853804591053,
          1.036923806468056,
          1.0500377067788313,
          1.0263063278079654,
          0.9961795838823411,
          1.0260110060245746,
          0.0,
          1.0818551092554844,
          1.2420850433830817,
          1.003647578294382,
          0.9608905634735314,
          1.326281357743642,
          0.9981293291131892,
          0.9960474973996432,
          1.0005266558573,
          0.9922786777785219,
          0.9931622751140592,
          1.0086066101453133,
          1.0030283671426294,
          0.9778531736359944,
          0.9795584252802206,
          1.0172851141244696,
          0.9925243287987214,
          0.9939630445529719,
          0.9901859395339476,
          1.0013424691816057
        ],
        [
          1.02170310951093,
          1.123605543059915,
          1.0747722173740069,
          1.289560141128752,
          1.064930258145021,
          1.0317407755133106,
          1.2032379214577442,
          1.0818551092554844,
          0.0,
          1.3830898534070897,
          1.0391961138736954,
          0.994539441824753,
          1.118998430473244,
          1.0328450878261737,
          1.0309451683917958,
          1.0359911107057553,
          1.0271197154426237,
          1.0284090668495036,
          1.044905933544246,
          1.038473666689598,
          1.0125241703587917,
          1.0141536410239689,
          1.0542181756656552,
          1.027690587487098,
          1.0294876247034292,
          1.0254242032536218,
          1.0368516454139114
        ],
        [
          0.9994026345956687,
          1.3426155508559257,
          1.1986502648637414,
          1.3046979231737212,
          1.03887411649461,
          1.008630019381379,
          1.2340845584529416,
          1.2420850433830817,
          1.3830898534070897,
          0.0,
          1.015871472929733,
          0.9740801131525098,
          1.3681703293245475,
          1.0102913547789973,
          1.0082718111046072,
          1.0127427597746816,
          1.0045072169791014,
          1.0054930383955998,
          1.0208017860435874,
          1.0151191796581076,
          0.9904848697270229,
          0.992108451427758,
          1.0294304687083864,
          1.0048514351073101,
          1.006369030140462,
          1.0026244867574325,
          1.0135171370820675
        ],
        [
          0.9983873410877288,
          1.0133321110972044,
          1.000046173425331,
          1.0148577185979026,
          1.024626753495627,
          0.9942775948885406,
          1.0029239055013262,
          1.003647578294382,
          1.0391961138736954,
          1.015871472929733,
          0.0,
          0.9583063463617394,
          1.3257216358645976,
          1.1730605102797087,
          1.1462733210885223,
          1.0383845255567214,
          1.0049479078805885,
          0.9968687800269138,
          1.0197119300306317,
          1.021773506941549,
          0.9842577539856834,
          0.9869995727844865,
          1.0407561528843359,
          0.9955931551059355,
          0.9970788518868485,
          1.0000965026104562,
          1.020573114932122
        ],
        [
          0.9415268608433706,
          0.9697556974985367,
          0.9560263062952955,
          0.9719885591458046,
          0.9796749928473507,
          0.9505360494654123,
          0.9593010347772678,
          0.9608905634735314,
          0.994539441824753,
          0.9740801131525098,
          0.9583063463617394,
          0.0,
          1.435665014362149,
          0.9533780074426351,
          0.9508637446320657,
          0.9550857618035609,
          0.9469003102206459,
          0.9473782764018333,
          0.9629252237781935,
          0.9578860308736419,
          0.9314206679697875,
          0.9333695084507231,
          0.9716126725753893,
          0.9467694779094242,
          0.9478989507043403,
          0.9441316763958579,
          0.9559580455476845
        ],
        [
          1.0455529355361377,
          1.1291455751900483,
          1.0622363100595533,
          1.0794025986664022,
          1.0217219112927758,
          0.9917580805184889,
          1.0470486849126448,
          1.326281357743642,
          1.118998430473244,
          1.3681703293245475,
          1.3257216358645976,
          1.435665014362149,
          0.0,
          1.2784435097861133,
          1.2464084527059593,
          1.1848836401480543,
          1.056276156804946,
          1.0161179863335614,
          1.060091224655773,
          1.0849035934924707,
          1.0127050152569335,
          1.0182513923086385,
          1.1156435367516329,
          1.0141934910796289,
          1.0145551872619158,
          1.0373302504496487,
          1.0844165411558002
        ],
        [
          0.9917478947587499,
          1.0075729114731373,
          0.9944882502979226,
          1.0091598288686714,
          1.0185273734200733,
          0.9888678140558649,
          0.9973732521720411,
          0.9981293291131892,
          1.0328450878261737,
          1.0102913547789973,
          1.1730605102797087,
          0.9533780074426351,
          1.2784435097861133,
          0.0,
          1.2919547704824919,
          1.0299907290711698,
          0.9981746279260243,
          0.990998842214679,
          1.013295766270861,
          1.014962734339473,
          0.9781010022878726,
          0.9806860792644027,
          1.0348923267053332,
          0.9898406172340982,
          0.991230015202793,
          0.9935063643155354,
          1.0135786145640857
        ],
        [
          0.9879525383816101,
          1.005574841371432,
          0.9924053713144853,
          1.0072298879071488,
          1.0165520645712467,
          0.9867853798201622,
          0.9953276578985326,
          0.9960474973996432,
          1.0309451683917958,
          1.0082718111046072,
          1.1462733210885223,
          0.9508637446320657,
          1.2464084527059593,
          1.2919547704824919,
          0.0,
          1.0219636934187235,
          0.9941944745795758,
          0.9880938266721782,
          1.009221342296012,
          1.0097988942438993,
          0.9748908846805697,
          0.9774182186986566,
          1.0278193525072976,
          0.9869669708407364,
          0.988377575707442,
          0.9899070697858814,
          1.0084460524713366
        ],
        [
          1.0263015441361216,
          1.0102639159386326,
          0.9970340455386124,
          1.0118651744708307,
          1.0215188736200314,
          0.9913510950783897,
          0.9999394883332124,
          1.0005266558573,
          1.0359911107057553,
          1.0127427597746816,
          1.0383845255567214,
          0.9550857618035609,
          1.1848836401480543,
          1.0299907290711698,
          1.0219636934187235,
          0.0,
          1.0354639339354055,
          1.0073003508963982,
          1.0440927786544432,
          1.0613488023872317,
          1.0012682869509137,
          1.0060890991018485,
          1.086634325711332,
          1.0051355410242333,
          1.0063689585227815,
          1.0235494254097637,
          1.0613539509162009
        ],
        [
          1.2079431611818767,
          1.0018785034174926,
          0.9887493222509123,
          1.0036286093728348,
          1.012814203504468,
          0.9832208897845424,
          0.9917035162184962,
          0.9922786777785219,
          1.0271197154426237,
          1.0045072169791014,
          1.0049479078805885,
          0.9469003102206459,
          1.056276156804946,
          0.9981746279260243,
          0.9941944745795758,
          1.0354639339354055,
          0.0,
          1.0004261766505136,
          1.036059414164636,
          1.052725285672067,
          0.9944265802807676,
          0.9991637315877011,
          1.1233585706828186,
          1.0137244848803972,
          1.013834804714888,
          1.043860449084064,
          1.0963244053776162
        ],
        [
          0.9935489284957244,
          1.0028933257779495,
          0.9896494048437091,
          1.0046520972381863,
          1.0139772089572574,
          0.9840731276934309,
          0.9926164760768643,
          0.9931622751140592,
          1.0284090668495036,
          1.0054930383955998,
          0.9968687800269138,
          0.9473782764018333,
          1.0161179863335614,
          0.990998842214679,
          0.9880938266721782,
          1.0073003508963982,
          1.0004261766505136,
          0.0,
          1.2694016609432421,
          1.196036407433991,
          1.0422175324123906,
          1.0508660873897557,
          1.0347434800539044,
          0.9877568760380563,
          0.9889498010038488,
          0.993562114856218,
          1.0155600737954291
        ],
        [
          1.0277583060426605,
          1.0186374596433494,
          1.0053256035979632,
          1.0201212532886053,
          1.0303192852294112,
          0.9995324489292917,
          1.008175017347764,
          1.0086066101453133,
          1.044905933544246,
          1.0208017860435874,
          1.0197119300306317,
          0.9629252237781935,
          1.060091224655773,
          1.013295766270861,
          1.009221342296012,
          1.0440927786544432,
          1.036059414164636,
          1.2694016609432421,
          0.0,
          1.317898618095337,
          1.115903952106877,
          1.1269859422988373,
          1.0750283686069448,
          1.0117075500426167,
          1.012455679206066,
          1.0236173828346007,
          1.0535915601168677
        ],
        [
          1.0429508824126326,
          1.0128043874108057,
          0.9996771946969438,
          1.014356812717316,
          1.0241178158151243,
          0.9940193775264454,
          1.0025371792485664,
          1.0030283671426294,
          1.038473666689598,
          1.0151191796581076,
          1.021773506941549,
          0.9578860308736419,
          1.0849035934924707,
          1.014962734339473,
          1.0097988942438993,
          1.0613488023872317,
          1.052725285672067,
          1.196036407433991,
          1.317898618095337,
          0.0,
          1.1736696182253294,
          1.1878353586297494,
          1.09550763257681,
          1.0156113032482434,
          1.0156264064249092,
          1.0339226291722976,
          1.072519837629139
        ],
        [
          0.9868395358133834,
          0.9873967712794722,
          0.9740380390026891,
          0.9894373889088474,
          0.998038847021544,
          0.968596520985913,
          0.9771555436668962,
          0.9778531736359944,
          1.0125241703587917,
          0.9904848697270229,
          0.9842577539856834,
          0.9314206679697875,
          1.0127050152569335,
          0.9781010022878726,
          0.9748908846805697,
          1.0012682869509137,
          0.9944265802807676,
          1.0422175324123906,
          1.115903952106877,
          1.1736696182253294,
          0.0,
          1.1753088608153255,
          1.0310374327320804,
          0.9759780655477629,
          0.976844085732957,
          0.9847589336284976,
          1.0109632407011857
        ],
        [
          0.9914001532333814,
          0.9890825691780143,
          0.9757869697712725,
          0.9910835771665074,
          0.9997299445911255,
          0.9703492284798523,
          0.9788782387648312,
          0.9795584252802206,
          1.0141536410239689,
          0.992108451427758,
          0.9869995727844865,
          0.9333695084507231,
          1.0182513923086385,
          0.9806860792644027,
          0.9774182186986566,
          1.0060890991018485,
          0.9991637315877011,
          1.0508660873897557,
          1.1269859422988373,
          1.1878353586297494,
          1.1753088608153255,
          0.0,
          1.0362171158296665,
          0.9790179661347573,
          0.9797992598870828,
          0.9886657689959145,
          1.0159419291461156
        ],
        [
          1.109714694452062,
          1.0274834109443078,
          1.0141059200474305,
          1.0288091895878697,
          1.0395126083464228,
          1.0081760528364527,
          1.0168911625509465,
          1.0172851141244696,
          1.0542181756656552,
          1.0294304687083864,
          1.0407561528843359,
          0.9716126725753893,
          1.1156435367516329,
          1.0348923267053332,
          1.0278193525072976,
          1.086634325711332,
          1.1233585706828186,
          1.0347434800539044,
          1.0750283686069448,
          1.09550763257681,
          1.0310374327320804,
          1.0362171158296665,
          0.0,
          1.1518225728234803,
          1.2069272506996616,
          1.3109768751995494,
          1.322975283625771
        ],
        [
          1.005694998032839,
          1.002231399008712,
          0.9890004047480127,
          1.0040021194861262,
          1.013275837649243,
          0.9834372984700248,
          0.9919710958417283,
          0.9925243287987214,
          1.027690587487098,
          1.0048514351073101,
          0.9955931551059355,
          0.9467694779094242,
          1.0141934910796289,
          0.9898406172340982,
          0.9869669708407364,
          1.0051355410242333,
          1.0137244848803972,
          0.9877568760380563,
          1.0117075500426167,
          1.0156113032482434,
          0.9759780655477629,
          0.9790179661347573,
          1.1518225728234803,
          0.0,
          1.0194652045551271,
          1.0587170122142489,
          1.2720365254290107
        ],
        [
          1.0059338637947064,
          1.0037714060148435,
          0.9904390991707411,
          1.0055304397198839,
          1.0149544454790635,
          0.9848206240068375,
          0.9934166725068047,
          0.9939630445529719,
          1.0294876247034292,
          1.006369030140462,
          0.9970788518868485,
          0.9478989507043403,
          1.0145551872619158,
          0.991230015202793,
          0.988377575707442,
          1.0063689585227815,
          1.013834804714888,
          0.9889498010038488,
          1.012455679206066,
          1.0156264064249092,
          0.976844085732957,
          0.9797992598870828,
          1.2069272506996616,
          1.0194652045551271,
          0.0,
          1.2392836889629653,
          1.111768931292843
        ],
        [
          1.0337225261057823,
          0.9998982902336261,
          0.9865810252372704,
          1.0017153356069022,
          1.0109244438880924,
          0.9810099861755129,
          0.9895852172973716,
          0.9901859395339476,
          1.0254242032536218,
          1.0026244867574325,
          1.0000965026104562,
          0.9441316763958579,
          1.0373302504496487,
          0.9935063643155354,
          0.9899070697858814,
          1.0235494254097637,
          1.043860449084064,
          0.993562114856218,
          1.0236173828346007,
          1.0339226291722976,
          0.9847589336284976,
          0.9886657689959145,
          1.3109768751995494,
          1.0587170122142489,
          1.2392836889629653,
          0.0,
          1.1900708937875737
        ],
        [
          1.0833999047451217,
          1.011131748549918,
          0.9979406330629432,
          1.0127242734933504,
          1.0224333491390758,
          0.992279099863794,
          1.0008264096812605,
          1.0013424691816057,
          1.0368516454139114,
          1.0135171370820675,
          1.020573114932122,
          0.9559580455476845,
          1.0844165411558002,
          1.0135786145640857,
          1.0084460524713366,
          1.0613539509162009,
          1.0963244053776162,
          1.0155600737954291,
          1.0535915601168677,
          1.072519837629139,
          1.0109632407011857,
          1.0159419291461156,
          1.322975283625771,
          1.2720365254290107,
          1.111768931292843,
          1.1900708937875737,
          0.0
        ]
      ]
    },
    "country": {
      "alphabet": [
        "",
        "Canada",
        "China",
        "India",
        "Japan",
        "Mexico",
        "Taiwan",
        "Thailand",
        "USA",
        "Vietnam",
        "?"
      ],
      "equilibrium_probabilities": [
        0.10497943793628334,
        0.08742593524155924,
        0.09753570576319777,
        0.10569956983896762,
        0.07619827717483131,
        0.07349736447041491,
        0.09881276653572184,
        0.10056712124254341,
        0.13764506831398704,
        0.11763875348249363
      ],
      "rate": 2.0665561834763135,
      "transition_matrix": [
        [
          0.0,
          0.8474151850331859,
          1.1716291243089352,
          0.8478253548908947,
          0.8089410282556568,
          0.811813508282095,
          0.8159405910469624,
          0.8394478642776589,
          1.096455543856884,
          0.8476586832403494
        ],
        [
          0.8474151850331859,
          0.0,
          0.7899119100654122,
          0.847397660811101,
          0.8150964852257557,
          0.8175145039831729,
          0.8205646902054252,
          0.8404709922316819,
          1.592131304169971,
          0.8471980862177036
        ],
        [
          1.1716291243089352,
          0.7899119100654122,
          0.0,
          1.0877357134290169,
          0.7673956151257305,
          0.8033491760622943,
          1.1509214284272284,
          1.5100279758964277,
          1.9190617600296047,
          1.8037461901423046
        ],
        [
          0.8478253548908947,
          0.847397660811101,
          1.0877357134290169,
          0.0,
          0.8086741791256155,
          0.8115617987779103,
          0.815664447058586,
          0.8396256742509103,
          1.0983158516886864,
          0.9626429558346258
        ],
        [
          0.8089410282556568,
          0.8150964852257557,
          0.7673956151257305,
          0.8086741791256155,
          0.0,
          0.7960599374239226,
          0.9942450262519539,
          0.8050655370076298,
          2.6229098632046766,
          0.804382338656063
        ],
        [
          0.811813508282095,
          0.8175145039831729,
          0.8033491760622943,
          0.8115617987779103,
          0.7960599374239226,
          0.0,
          0.7929988713513222,
          0.8079740866996962,
          3.423531773734772,
          0.8075847115072698
        ],
        [
          0.8159405910469624,
          0.8205646902054252,
          1.1509214284272284,
          0.815664447058586,
          0.9942450262519539,
          0.7929988713513222,
          0.0,
          0.8101426373635583,
          1.2818523205180279,
          0.8125720010954787
        ],
        [
          0.8394478642776589,
          0.8404709922316819,
          1.5100279758964277,
          0.8396256742509103,
          0.8050655370076298,
          0.8079740866996962,
          0.8101426373635583,
          0.0,
          1.583453944514461,
          1.0304508008807438
        ],
        [
          1.096455543856884,
          1.592131304169971,
          1.9190617600296047,
          1.0983158516886864,
          2.6229098632046766,
          3.423531773734772,
          1.2818523205180279,
          1.583453944514461,
          0.0,
          1.134526881300926
        ],
        [
          0.8476586832403494,
          0.8471980862177036,
          1.8037461901423046,
          0.9626429558346258,
          0.804382338656063,
          0.8075847115072698,
          0.8125720010954787,
          1.0304508008807438,
          1.134526881300926,
          0.0
        ]
      ]
    },
    "rflp": {
      "alphabet": [
        "1-1-2",
        "1-1-3",
        "1-1-4",
        "1-10-1",
        "1-10-2",
        "1-10-4",
        "1-12-4",
        "1-13-2",
        "1-16-4",
        "1-18-2",
        "1-18-4",
        "1-19-2",
        "1-2-1",
        "1-2-2",
        "1-2-3",
        "1-2-4",
        "1-22-2",
        "1-26-2",
        "1-3-1",
        "1-3-2",
        "1-3-3",
        "1-3-4",
        "1-3-7",
        "1-30-2",
        "1-30-4",
        "1-37-2",
        "1-4-1",
        "1-4-2",
        "1-4-3",
        "1-4-4",
        "1-5-1",
        "1-5-3",
        "1-55-4",
        "1-6-1",
        "1-6-2",
        "1-6-3",
        "1-7-1",
        "1-7-2",
        "1-7-3",
        "1-7-4",
        "1-8-2",
        "1-8-4",
        "1-X-4",
        "2-5-2",
        "?"
      ],
      "equilibrium_probabilities": [
        0.022034536121321616,
        0.02492605926781376,
        0.024282438877492166,
        0.02452074601390645,
        0.023359074343048448,
        0.024423748506371436,
        0.02321668575954025,
        0.02462628486625754,
        0.022646135411769224,
        0.023926295398694276,
        0.024101596415019067,
        0.024709380353762116,
        0.022815010144005946,
        0.020430121138304953,
        0.02359542843786721,
        0.018824524549250453,
        0.023544260659695875,
        0.02486886715615541,
        0.02425775875683299,
        0.020631189713898507,
        0.02475754754985965,
        0.017967358460985655,
        0.0231572565165738,
        0.02439562337568741,
        0.024173342078473006,
        0.02472283459125409,
        0.021262816004064877,
        0.015014563736035914,
        0.020797256253496196,
        0.013483231298027176,
        0.0232822094652811,
        0.024775151160707817,
        0.023206737869542565,
        0.024531827839584176,
        0.024399650441596605,
        0.023523148823128354,
        0.024481226959024976,
        0.023344526223321473,
        0.024709974052977035,
        0.02122039076175694,
        0.023160658112991436,
        0.01759993971220757,
        0.023227759512537954,
        0.02306482730987667
      ],
      "rate": 10.355489054106073,
      "transition_matrix": [
        [
          0.0,
          0.9522545962070345,
          0.9543741867254172,
          0.9520857343343009,
          0.9517489440290711,
          0.952196576164328,
          0.9517750696613261,
          0.952293390540858,
          0.9515158754835138,
          0.9643716432653957,
          0.9595961065505825,
          0.9536395743482241,
          0.9631835013834432,
          0.9583220159969968,
          0.9517549151667486,
          0.9738576757040432,
          0.9747162911965671,
          0.9657123567300987,
          0.9516947244960601,
          0.9865477590853108,
          0.9507789125986885,
          0.9717774774444413,
          0.9519114900587751,
          0.9520375319634187,
          0.9515524209413744,
          0.9519901294390973,
          0.9545111703052191,
          2.3360859571179016,
          0.9502566081073952,
          1.2177168570280155,
          0.951839661674306,
          0.952325947297386,
          0.9515894493114081,
          0.9522890782198844,
          0.9523214007031923,
          0.9458717696242677,
          0.9522671489671304,
          0.9520108554978609,
          0.952234334060288,
          1.008967052854483,
          0.9519767965482214,
          1.2365106103683379,
          0.9614176374986809,
          0.9679947691184148
        ],
        [
          0.9522545962070345,
          0.0,
          0.949650836546291,
          0.9471454676718599,
          0.9470460977273742,
          0.9472861408753749,
          0.9471175921632945,
          0.9473459580746358,
          0.9467188138767542,
          0.9610732161704133,
          0.9556629796853601,
          0.9488308540375844,
          0.9592354276028335,
          0.9546589842797901,
          0.9469950967548513,
          0.9720093691224294,
          0.972747595825114,
          0.9623380103315854,
          0.9467635774612565,
          0.986424325703715,
          1.4180391504904382,
          0.9694561920848176,
          0.9472077572879477,
          0.9471180015282121,
          0.9464539878211661,
          0.9469790706212862,
          0.9500127280341222,
          1.2218328592878263,
          0.9449603772354112,
          1.1476515328875143,
          0.9471648270186062,
          0.9473657778240732,
          0.9469109655561201,
          0.9473843481561146,
          0.9473833703875875,
          1.4110925483092576,
          0.9473570756118425,
          0.9472335774452615,
          0.9472688154035567,
          1.012237168326263,
          0.9473508888873197,
          1.278891557599458,
          0.9572855535637289,
          0.9649949541702374
        ],
        [
          0.9543741867254172,
          0.949650836546291,
          0.0,
          0.9495242215869065,
          0.9493155404774287,
          0.9496558044435144,
          0.9493693207447642,
          0.9497358684578023,
          0.9495422894351393,
          0.9630936661320504,
          0.9578176149693597,
          0.9511944812833678,
          0.9612808531558725,
          0.9572656763301068,
          0.9492904115938513,
          1.513637952362599,
          0.9744735063523703,
          0.9644402183443991,
          0.949125639606963,
          0.9876971713084588,
          0.9480553500338599,
          0.9708429367516785,
          0.9495008144913134,
          0.9497947855252887,
          0.9488438956006586,
          0.9493892863328796,
          0.9521305543072299,
          1.2639010316932324,
          0.9470607367364535,
          1.1467467486380187,
          0.9494209779774058,
          0.9497516594932588,
          0.9491666853164439,
          0.9497451015840258,
          0.9497626135567658,
          0.9427639211416861,
          0.9497162178438151,
          0.949541587426599,
          0.9496475409092545,
          1.0127953041354998,
          0.9495875435402302,
          1.2709697406995772,
          0.9593911217277702,
          0.9671340058378447
        ],
        [
          0.9520857343343009,
          0.9471454676718599,
          0.9495242215869065,
          0.0,
          0.9469633236960758,
          0.9472000115308971,
          0.9470345192044902,
          0.9472598465697898,
          0.9466411525763483,
          0.9607566979439447,
          0.9554370467620755,
          0.9487190753596307,
          0.9589485174364061,
          0.9544477381654598,
          0.9469138467775946,
          0.9715033131553972,
          0.9722285644817638,
          0.9620025735357897,
          0.946686359918532,
          0.9856645523156232,
          0.9455576993946356,
          0.9689887239918263,
          0.9471231639344014,
          0.9470355172312592,
          0.9463817315275088,
          0.9468990131927991,
          0.9498790672033499,
          1.2162209329701614,
          0.9449051245330842,
          1.143694750637313,
          0.9470809334017614,
          0.9472789307452076,
          0.9468312691726676,
          0.947297258337316,
          0.9472964391064346,
          1.4103898177974212,
          0.9472704440543431,
          0.9471484998757557,
          0.9471835227252243,
          1.0110173545729437,
          0.9472638048012081,
          1.271828584472964,
          0.9570304121147276,
          0.9646107614140158
        ],
        [
          0.9517489440290711,
          0.9470460977273742,
          0.9493155404774287,
          0.9469633236960758,
          0.0,
          1.0861163924013777,
          0.9469414752080985,
          0.9471564958618597,
          0.9465965894940215,
          0.9600498758920292,
          0.9549834135883256,
          0.948547186795703,
          0.9582815019201338,
          0.954093428952054,
          0.9468311983476371,
          0.9703052317364366,
          0.9711311849646524,
          0.961198492149099,
          0.9469131163661793,
          0.9851908787888349,
          0.9455358794446106,
          1.4095776776094657,
          0.9470164775759962,
          0.9469412617258671,
          0.9463427959772774,
          0.9469509491565099,
          0.9517696385216707,
          1.2038684956235137,
          0.9449381962916369,
          1.6862035162057591,
          0.94701021052982,
          0.9471562082531401,
          0.9467782995597278,
          0.9471739565376269,
          0.9471893560660014,
          0.9405304134240925,
          0.9471496316357088,
          0.9470430028218485,
          0.947061519386862,
          1.0080008692009987,
          0.9471903112575282,
          1.2536934391548966,
          0.9571007134521631,
          0.9636885871885336
        ],
        [
          0.952196576164328,
          0.9472861408753749,
          0.9496558044435144,
          0.9472000115308971,
          1.0861163924013777,
          0.0,
          0.9471682640181629,
          0.9474019677162139,
          0.9467721684869159,
          0.9608752638476927,
          0.9555727409755334,
          0.9488558964329474,
          0.9590409738403456,
          0.954547924856516,
          0.9470513830164369,
          0.971528275521786,
          0.9722795468184542,
          0.9620952833634744,
          0.9471243774481305,
          0.9868817757918222,
          0.94570661470042,
          1.3874787172698049,
          0.9472566804176915,
          0.9471767154626796,
          0.9465235184104134,
          0.9471790074192481,
          0.950004413648432,
          1.2166925988721022,
          0.9450331558826316,
          1.1448877434430473,
          0.9472242072220038,
          0.9474014066491232,
          0.946965930714795,
          0.9474202916536808,
          0.9474364144984581,
          0.9404729624400382,
          0.9473947831230124,
          0.947283970444031,
          0.9473023264018496,
          1.0110960615625473,
          0.9473950567139765,
          1.270518666141891,
          0.9577579310310004,
          0.9646812544652122
        ],
        [
          0.9517750696613261,
          0.9471175921632945,
          0.9493693207447642,
          0.9470345192044902,
          0.9469414752080985,
          0.9471682640181629,
          0.0,
          0.9472269927899788,
          0.9466603972797408,
          0.9600059468885941,
          0.9549750528756471,
          0.948609157870047,
          0.9582681248247424,
          0.9540840772256735,
          0.94689239803278,
          0.9701759981621717,
          0.971034146982417,
          0.9611812820164299,
          0.9466830121501012,
          0.9836724954355446,
          0.9456172176735537,
          0.9678403804180524,
          0.9470806591540255,
          0.9470122148553796,
          0.9464157625002932,
          0.9468865517232509,
          0.9497344520733819,
          1.1999950071999104,
          0.9460224231426418,
          1.679159604826437,
          0.9470587854974379,
          0.9472261713619904,
          0.9468136671863029,
          0.947243912761563,
          0.9472590791521828,
          0.9406356621796155,
          0.9472191777003425,
          0.9471068964356884,
          0.9471316990418979,
          1.0074530339956638,
          0.9472516072800861,
          1.251196135281005,
          0.9564711560918214,
          0.9636455570376143
        ],
        [
          0.952293390540858,
          0.9473459580746358,
          0.9497358684578023,
          0.9472598465697898,
          0.9471564958618597,
          0.9474019677162139,
          0.9472269927899788,
          0.0,
          0.9468275840722292,
          1.442459892338073,
          0.955951930076083,
          0.9489310674350191,
          0.9591940907677006,
          0.9546550972056895,
          0.9471084832049103,
          0.9717796834699459,
          0.9725473385679185,
          0.9646792671161921,
          0.9468847367141794,
          0.9860288428492996,
          0.9457543080746935,
          0.969274676064459,
          0.9473155993742318,
          0.9472364985204841,
          0.9465778826388774,
          0.9471021369247893,
          0.9500704040111848,
          1.2175500494100073,
          0.9450697263508451,
          1.1449034637195192,
          0.9472740889319116,
          0.9474619663989939,
          0.9470227131494405,
          0.9474820282395454,
          0.9474986636508782,
          0.9404765609338269,
          0.9474559298932859,
          0.9473423890646389,
          0.9473619319143142,
          1.0117501804213331,
          0.9474569633195312,
          1.2743277945134928,
          0.9572697365028532,
          0.9648863364750814
        ],
        [
          0.9515158754835138,
          0.9467188138767542,
          0.9495422894351393,
          0.9466411525763483,
          0.9465965894940215,
          0.9467721684869159,
