{
  "generated_by": {
    "program": "augur",
    "version": "21.1.0"
  },
  "models": {
    "clade_membership": {
      "alphabet": [
        "L10",
        "L11",
        "L1A",
        "L1B",
        "L1C-unclade",
        "L1C.1",
        "L1C.2",
        "L1C.3",
        "L1C.4",
        "L1C.5",
        "L1D",
        "L1E",
        "L1F",
        "L1H",
        "L1I",
        "L1J",
        "L2",
        "L3",
        "L4",
        "L5A",
        "L5B",
        "L6",
        "L7",
        "L8A",
        "L8B",
        "L8C",
        "L8D",
        "L8E",
        "L9A",
        "L9B",
        "L9C",
        "L9D",
        "L9E",
        "?"
      ],
      "equilibrium_probabilities": [
        0.030013421565415723,
        0.030487925190617476,
        0.0305281833746504,
        0.03061485470752682,
        0.030186671251781007,
        0.030180190472056563,
        0.03005259996005522,
        0.030241612377161265,
        0.030076584129766007,
        0.029923250054115506,
        0.029837499886781978,
        0.030325400555910775,
        0.03051408751490128,
        0.030772908133641644,
        0.029498328776648406,
        0.030920963468076167,
        0.030352468847801444,
        0.03158060500039053,
        0.029874489903335886,
        0.030059131995206666,
        0.030091089452188063,
        0.030431547231410866,
        0.029907252678795664,
        0.03014541462971891,
        0.030442844237290687,
        0.030014480159022448,
        0.030521185218732934,
        0.030410829680370902,
        0.030472125848206348,
        0.03049487150408618,
        0.030403001989088446,
        0.030493758190791257,
        0.030130422014456596
      ],
      "rate": 1.6745518893787887,
      "transition_matrix": [
        [
          0.0,
          1.039371387428744,
          1.002510873045865,
          1.0023580406734733,
          1.0014468948179087,
          1.0091482176578117,
          1.011124513660397,
          1.0081999963346813,
          1.0107532653201712,
          1.0125984584847545,
          1.009239657990583,
          1.011754781542292,
          1.0020205959709874,
          1.0012463071731788,
          1.0127296577265679,
          0.9973790307250525,
          1.027992843656118,
          0.986890050090232,
          1.0628795305933048,
          1.0419457547951918,
          1.0419110069169064,
          1.010205471229925,
          1.1443583650238172,
          1.0288681896714722,
          1.0364576821510456,
          1.0660834346681058,
          1.0308376778176083,
          1.033270515016644,
          1.0783601447536029,
          1.0354710024229457,
          1.0267546660092381,
          1.1120425351509275,
          1.0330692046500045
        ],
        [
          1.039371387428744,
          0.0,
          0.9954779131206346,
          0.9935000066044178,
          0.9913777965122867,
          0.9983989449564934,
          1.000408388131145,
          0.9974348827296359,
          1.0000308779529874,
          1.002055296786911,
          1.0001503240063976,
          1.0428425543580628,
          0.992424943004935,
          0.9907770628828476,
          1.0158526241196009,
          0.987445655344275,
          1.3692476047921482,
          0.975819148654725,
          1.2268063326809193,
          1.0882827281796745,
          1.08864011015482,
          0.9971551483137793,
          1.0631850890319332,
          1.0041020903800857,
          1.0022237779767778,
          1.0130172809791402,
          1.0001691221100046,
          1.0018344160141748,
          1.0098537187352288,
          1.005144602964419,
          1.000482276917203,
          1.0216500842426919,
          1.0039146288202174
        ],
        [
          1.002510873045865,
          0.9954779131206346,
          0.0,
          1.3502991612658461,
          1.0094945836332292,
          0.9987491854210773,
          1.0007610143243695,
          0.9977839925062988,
          1.000383055033674,
          1.0065087214406798,
          1.037020611741788,
          1.1003413300011566,
          1.0241452265062942,
          1.003392060570073,
          1.2565822998750724,
          1.014336719456552,
          0.996709419833939,
          0.9761021870928899,
          1.0204519385164341,
          1.0023874026677555,
          1.0020008942495533,
          0.9968127939411463,
          1.0038990198419298,
          0.9999437755245855,
          0.9949280069059349,
          0.9991819404065356,
          0.9941041128259664,
          0.9954985703481846,
          0.9905865718589046,
          0.9992428853372292,
          0.9958531629091254,
          0.9956730538647423,
          0.9984157081763846
        ],
        [
          1.0023580406734733,
          0.9935000066044178,
          1.3502991612658461,
          0.0,
          1.00068425428721,
          0.9988867717154547,
          1.0009037690683824,
          0.997919100965231,
          1.0005248382015537,
          1.0045346965011004,
          1.0199933629271827,
          1.0564369374023892,
          1.0090743596622378,
          0.9973518547493336,
          1.1646450863974045,
          1.001374543597671,
          0.9955048918974935,
          0.9761818931523305,
          1.0059682729213713,
          1.0017362094893802,
          1.0013308148547437,
          0.9969467788247893,
          1.0035241431286834,
          1.0000547854461848,
          0.994998038838499,
          0.9992016202326065,
          0.9941847727543629,
          0.9955800548707185,
          0.9905277437236053,
          0.9993312108189055,
          0.9959470343609917,
          0.9955566056090394,
          0.9985035105598801
        ],
        [
          1.0014468948179087,
          0.9913777965122867,
          1.0094945836332292,
          1.00068425428721,
          0.0,
          1.4975133575902584,
          1.5003677010136343,
          1.496279005270891,
          1.4998083904384647,
          1.4712157829527892,
          1.2205918294953908,
          1.0161616826889932,
          1.051740982304674,
          1.0690579218456013,
          1.1081181224990146,
          1.0371046947653024,
          0.9939304159906572,
          0.9758126796455036,
          0.9937093938524054,
          1.000485658758253,
          1.000071952923041,
          0.996307540706596,
          1.0024414656585945,
          0.9993568686995349,
          0.9943481301884156,
          0.9984603829290448,
          0.9935533487724378,
          0.9949292825930901,
          0.9898640536621913,
          0.9986174205764443,
          0.9952985345816533,
          0.9947659752474253,
          0.9978162386278878
        ],
        [
          1.0091482176578117,
          0.9983989449564934,
          0.9987491854210773,
          0.9988867717154547,
          1.4975133575902584,
          0.0,
          1.0079907252293423,
          1.0050512803079543,
          1.0076175174536395,
          1.009492418597927,
          1.005961302065702,
          0.9995520573560633,
          0.9987096896973285,
          0.9980334508223938,
          1.0072070948553842,
          0.9940684385038483,
          1.0012378423737476,
          0.9836103000440216,
          0.9951879581853075,
          1.0080218936545173,
          1.0076044834642044,
          1.0041278841802852,
          1.0100571118250399,
          1.0071410635520341,
          1.0021273958312684,
          1.0061715267689724,
          1.0013448857620966,
          1.0027120259284954,
          0.9975481600050291,
          1.0064732483394572,
          1.0030856127599375,
          1.0025051118989117,
          1.0055663551481953
        ],
        [
          1.011124513660397,
          1.000408388131145,
          1.0007610143243695,
          1.0009037690683824,
          1.5003677010136343,
          1.0079907252293423,
          0.0,
          1.0070420556782942,
          1.0095969149859905,
          1.0114619924083559,
          1.0079278903893887,
          1.001551289918646,
          1.0007211195800005,
          1.000060926372359,
          1.00915172183031,
          0.9961062440069663,
          1.0032377153605305,
          0.9856883642408472,
          0.9971603205688417,
          1.0100015427104128,
          1.0095863346299228,
          1.0061315603080012,
          1.012026430596951,
          1.0091260031702294,
          1.0041329466394364,
          1.0081487356857066,
          1.0033555933068496,
          1.0047153761368504,
          0.9995566397771367,
          1.008480753227565,
          1.0050877971068963,
          1.004514069162086,
          1.0075504934861146
        ],
        [
          1.0081999963346813,
          0.9974348827296359,
          0.9977839925062988,
          0.997919100965231,
          1.496279005270891,
          1.0050512803079543,
          1.0070420556782942,
          0.0,
          1.0066680540692527,
          1.008547631186879,
          1.0050178231554916,
          0.9985928931482905,
          0.9977447084308224,
          0.9970608039339081,
          1.0062740793220917,
          0.9930908446692837,
          1.000278353152485,
          0.9826134428297265,
          0.9942416433206993,
          1.0070720688933055,
          1.006653605928893,
          1.0031665702690662,
          1.0091122273138848,
          1.0061887091446347,
          1.0011651891848232,
          1.0052228727308707,
          1.0003802136147508,
          1.001750871081634,
          0.9965845595678013,
          1.0055100996966042,
          1.0021250144361546,
          1.0015412755660449,
          1.0046143856890952
        ],
        [
          1.0107532653201712,
          1.0000308779529874,
          1.000383055033674,
          1.0005248382015537,
          1.4998083904384647,
          1.0076175174536395,
          1.0095969149859905,
          1.0066680540692527,
          0.0,
          1.0110919915072687,
          1.0075584526247299,
          1.001175702054684,
          1.0003432332595101,
          0.9996800188063604,
          1.0087864220721716,
          0.9957233842543763,
          1.0028620126510392,
          0.9852979070158674,
          0.9967897791274856,
          1.0096296612784874,
          1.009214037646774,
          1.005755149082904,
          1.0116564970656492,
          1.008753124071518,
          1.0037561776639978,
          1.007777308658304,
          1.0029778522158999,
          1.0043390225870206,
          0.9991793089585445,
          1.0081036270689212,
          1.0047116640128073,
          1.0041366601401993,
          1.0071777616109947
        ],
        [
          1.0125984584847545,
          1.002055296786911,
          1.0065087214406798,
          1.0045346965011004,
          1.4712157829527892,
          1.009492418597927,
          1.0114619924083559,
          1.008547631186879,
          1.0110919915072687,
          0.0,
          1.0632699364832152,
          1.008728278175209,
          1.0161954948593752,
          1.0199351732347004,
          1.0367817051231112,
          1.009148491641082,
          1.004814399914415,
          0.9872426826342285,
          0.9999786596119703,
          1.0115130481411974,
          1.0111010824652376,
          1.0076116026429431,
          1.0135097340596781,
          1.0105913783158378,
          1.0056197940016534,
          1.0096150654154115,
          1.004846098430673,
          1.0061994178129092,
          1.0010573802050695,
          1.0099649229817564,
          1.006570002268436,
          1.0060157055133012,
          1.0090180244060927
        ],
        [
          1.009239657990583,
          1.0001503240063976,
          1.037020611741788,
          1.0199933629271827,
          1.2205918294953908,
          1.005961302065702,
          1.0079278903893887,
          1.0050178231554916,
          1.0075584526247299,
          1.0632699364832152,
          0.0,
          1.048350240637987,
          1.1205360568266092,
          1.3819526006937568,
          1.1960694254868094,
          1.0993241893306909,
          1.0022914901373912,
          0.9837310091951003,
          1.00885806188823,
          1.0085333718836509,
          1.008131634225296,
          1.0040366631796807,
          1.0103215602940887,
          1.0070433334506554,
          1.0021027805439846,
          1.0061547943445632,
          1.001317948826021,
          1.0026734991084627,
          0.997663668563049,
          1.006398685012131,
          1.0030346261761711,
          1.002627261382764,
          1.005500887261765
        ],
        [
          1.011754781542292,
          1.0428425543580628,
          1.1003413300011566,
          1.0564369374023892,
          1.0161616826889932,
          0.9995520573560633,
          1.001551289918646,
          0.9985928931482905,
          1.001175702054684,
          1.008728278175209,
          1.048350240637987,
          0.0,
          1.034463815735006,
          1.0082275470910897,
          1.2971137771086587,
          1.0235343942297304,
          1.0282207905605598,
          0.9770733291831106,
          1.2996689420955059,
          1.0240573620358338,
          1.0240245182853052,
          0.9977728118020588,
          1.0187773950870262,
          1.0017418046425537,
          0.9975055257604138,
          1.003313311961091,
          0.9963701424565807,
          0.9978227350242793,
          0.9961797396479307,
          1.001573879538772,
          0.9978228677242778,
          1.003009879991981,
          1.0006345716014244
        ],
        [
          1.0020205959709874,
          0.992424943004935,
          1.0241452265062942,
          1.0090743596622378,
          1.051740982304674,
          0.9987096896973285,
          1.0007211195800005,
          0.9977447084308224,
          1.0003432332595101,
          1.0161954948593752,
          1.1205360568266092,
          1.034463815735006,
          0.0,
          1.0325298181401237,
          1.1748795638819174,
          1.2918064365776232,
          0.9947536534111648,
          0.9760346014784705,
          0.9991682226748342,
          1.0012016536720316,
          1.0007891432173517,
          0.9967408990025366,
          1.0030934602401633,
          0.9998290345520966,
          0.9947759601223463,
          0.9989453988970599,
          0.9939697434912033,
          0.9953602400598484,
          0.9902747411359455,
          0.99909554971765,
          0.9957303272997555,
          0.9952569896098503,
          0.9982755683868438
        ],
        [
          1.0012463071731788,
          0.9907770628828476,
          1.003392060570073,
          0.9973518547493336,
          1.0690579218456013,
          0.9980334508223938,
          1.000060926372359,
          0.9970608039339081,
          0.9996800188063604,
          1.0199351732347004,
          1.3819526006937568,
          1.0082275470910897,
          1.0325298181401237,
          0.0,
          1.073761418063974,
          1.0209096139275546,
          0.9934697189624773,
          0.975176059858368,
          0.9913738599147934,
          1.0002131745066072,
          0.9997903210935641,
          0.996041866955396,
          1.0022351880556755,
          0.999144043155055,
          0.9940401878257813,
          0.998221116507092,
          0.9932322968032286,
          0.9946330480760658,
          0.9894612956191393,
          0.9983898167877888,
          0.9950102421734591,
          0.99444627730467,
          0.9975724075515947
        ],
        [
          1.0127296577265679,
          1.0158526241196009,
          1.2565822998750724,
          1.1646450863974045,
          1.1081181224990146,
          1.0072070948553842,
          1.00915172183031,
          1.0062740793220917,
          1.0087864220721716,
          1.0367817051231112,
          1.1960694254868094,
          1.2971137771086587,
          1.1748795638819174,
          1.073761418063974,
          0.0,
          1.149412601293918,
          1.0128379496022923,
          0.9852617348224411,
          1.104631877364369,
          1.01570740809525,
          1.0153270432042825,
          1.0053693034288735,
          1.0153959050856247,
          1.0085673428341904,
          1.0038846798491838,
          1.0083216105811053,
          1.0030199374500324,
          1.00437848103184,
          1.0003193865660365,
          1.0080982022331828,
          1.0046471790141192,
          1.005753870578625,
          1.007163779734526
        ],
        [
          0.9973790307250525,
          0.987445655344275,
          1.014336719456552,
          1.001374543597671,
          1.0371046947653024,
          0.9940684385038483,
          0.9961062440069663,
          0.9930908446692837,
          0.9957233842543763,
          1.009148491641082,
          1.0993241893306909,
          1.0235343942297304,
          1.2918064365776232,
          1.0209096139275546,
          1.149412601293918,
          0.0,
          0.9899028893964759,
          0.9711191024244131,
          0.9926154586909877,
          0.9964872612961115,
          0.9960661760184301,
          0.9920580829915782,
          0.9984427820305637,
          0.9951945681890334,
          0.9900753086917267,
          0.994314462136186,
          0.9892564751432253,
          0.9906676590032633,
          0.9855386741157609,
          0.9944050061466273,
          0.9910430012812251,
          0.9905265219588669,
          0.993635567067182
        ],
        [
          1.027992843656118,
          1.3692476047921482,
          0.996709419833939,
          0.9955048918974935,
          0.9939304159906572,
          1.0012378423737476,
          1.0032377153605305,
          1.000278353152485,
          1.0028620126510392,
          1.004814399914415,
          1.0022914901373912,
          1.0282207905605598,
          0.9947536534111648,
          0.9934697189624773,
          1.0128379496022923,
          0.9899028893964759,
          0.0,
          0.9787479230852772,
          1.1610770645941788,
          1.05885936106062,
          1.0594041274148849,
          0.9997497814213978,
          1.0436874357011512,
          1.005215986703372,
          1.0022017392129778,
          1.0105539475740544,
          1.0005882967629611,
          1.0021462905082992,
          1.0055190341083386,
          1.0057382547852138,
          1.001473737488977,
          1.0149726654697087,
          1.004615731356256
        ],
        [
          0.986890050090232,
          0.975819148654725,
          0.9761021870928899,
          0.9761818931523305,
          0.9758126796455036,
          0.9836103000440216,
          0.9856883642408472,
          0.9826134428297265,
          0.9852979070158674,
          0.9872426826342285,
          0.9837310091951003,
          0.9770733291831106,
          0.9760346014784705,
          0.975176059858368,
          0.9852617348224411,
          0.9711191024244131,
          0.9787479230852772,
          0.0,
          1.4607915405211496,
          0.985752094118322,
          0.985311366671771,
          0.9815521120229578,
          0.9878829441092991,
          0.984767567573164,
          0.9795439434146068,
          0.9838934439110246,
          0.9787062690758163,
          0.9801506779708004,
          0.9749520818911731,
          0.9838528516282663,
          0.9805333703032997,
          0.9798937487979028,
          0.9832056786173733
        ],
        [
          1.0628795305933048,
          1.2268063326809193,
          1.0204519385164341,
          1.0059682729213713,
          0.9937093938524054,
          0.9951879581853075,
          0.9971603205688417,
          0.9942416433206993,
          0.9967897791274856,
          0.9999786596119703,
          1.00885806188823,
          1.2996689420955059,
          0.9991682226748342,
          0.9913738599147934,
          1.104631877364369,
          0.9926154586909877,
          1.1610770645941788,
          1.4607915405211496,
          0.0,
          1.1452703349524287,
          1.1443384753832222,
          0.9944694940414368,
          1.1015337263084308,
          1.0041019845920875,
          1.00443073965569,
          1.0195567404032988,
          1.0016266735605062,
          1.0034467515127052,
          1.019890964280971,
          1.0059798924867978,
          1.0007661079305252,
          1.0357341176322301,
          1.004574130934892
        ],
        [
          1.0419457547951918,
          1.0882827281796745,
          1.0023874026677555,
          1.0017362094893802,
          1.000485658758253,
          1.0080218936545173,
          1.0100015427104128,
          1.0070720688933055,
          1.0096296612784874,
          1.0115130481411974,
          1.0085333718836509,
          1.0240573620358338,
          1.0012016536720316,
          1.0002131745066072,
          1.01570740809525,
          0.9964872612961115,
          1.05885936106062,
          0.985752094118322,
          1.1452703349524287,
          0.0,
          1.307172290520737,
          1.006692489744844,
          1.06339934994061,
          1.0127985300631306,
          1.0105347208413626,
          1.0205229359117556,
          1.0085953458356014,
          1.0101994762968283,
          1.0176437964579175,
          1.0138825918826189,
          1.0092204587776574,
          1.0285787636553174,
          1.0124958107454247
        ],
        [
          1.0419110069169064,
          1.08864011015482,
          1.0020008942495533,
          1.0013308148547437,
          1.000071952923041,
          1.0076044834642044,
          1.0095863346299228,
          1.006653605928893,
          1.009214037646774,
          1.0111010824652376,
          1.008131634225296,
          1.0240245182853052,
          1.0007891432173517,
          0.9997903210935641,
          1.0153270432042825,
          0.9960661760184301,
          1.0594041274148849,
          0.985311366671771,
          1.1443384753832222,
          1.307172290520737,
          0.0,
          1.0062822576344814,
          1.0635930822831772,
          1.012458088236437,
          1.0102218881134823,
          1.0201525837780987,
          1.0082749912585498,
          1.0098839822630736,
          1.0169662279281744,
          1.0136620804428937,
          1.008924810359979,
          1.0283320963401268,
          1.0123211860462364
        ],
        [
          1.010205471229925,
          0.9971551483137793,
          0.9968127939411463,
          0.9969467788247893,
          0.996307540706596,
          1.0041278841802852,
          1.0061315603080012,
          1.0031665702690662,
          1.005755149082904,
          1.0076116026429431,
          1.0040366631796807,
          0.9977728118020588,
          0.9967408990025366,
          0.996041866955396,
          1.0053693034288735,
          0.9920580829915782,
          0.9997497814213978,
          0.9815521120229578,
          0.9944694940414368,
          1.006692489744844,
          1.0062822576344814,
          0.0,
          1.0108501365461318,
          1.0063918609266422,
          1.0021642854725945,
          1.0080159712654981,
          1.0010263514803706,
          1.002482516927252,
          1.1037324615903505,
          1.2669857423061892,
          1.0079106076355278,
          1.0638264556895713,
          1.102277550625702
        ],
        [
          1.1443583650238172,
          1.0631850890319332,
          1.0038990198419298,
          1.0035241431286834,
          1.0024414656585945,
          1.0100571118250399,
          1.012026430596951,
          1.0091122273138848,
          1.0116564970656492,
          1.0135097340596781,
          1.0103215602940887,
          1.0187773950870262,
          1.0030934602401633,
          1.0022351880556755,
          1.0153959050856247,
          0.9984427820305637,
          1.0436874357011512,
          0.9878829441092991,
          1.1015337263084308,
          1.06339934994061,
          1.0635930822831772,
          1.0108501365461318,
          0.0,
          1.0278674105495473,
          1.0339680673544143,
          1.0606159805891533,
          1.0290216110180965,
          1.0313196616107505,
          1.069858334257813,
          1.0331071612597214,
          1.0253613844733713,
          1.099591012183742,
          1.0309140132925687
        ],
        [
          1.0288681896714722,
          1.0041020903800857,
          0.9999437755245855,
          1.0000547854461848,
          0.9993568686995349,
          1.0071410635520341,
          1.0091260031702294,
          1.0061887091446347,
          1.008753124071518,
          1.0105913783158378,
          1.0070433334506554,
          1.0017418046425537,
          0.9998290345520966,
          0.999144043155055,
          1.0085673428341904,
          0.9951945681890334,
          1.005215986703372,
          0.984767567573164,
          1.0041019845920875,
          1.0127985300631306,
          1.012458088236437,
          1.0063918609266422,
          1.0278674105495473,
          0.0,
          1.245184565938557,
          1.1986698175211605,
          1.0752885985316258,
          1.0790238204711005,
          1.0275412263328307,
          1.017445804678481,
          1.0121184027589185,
          1.0440373895096442,
          1.0160438258670412
        ],
        [
          1.0364576821510456,
          1.0022237779767778,
          0.9949280069059349,
          0.994998038838499,
          0.9943481301884156,
          1.0021273958312684,
          1.0041329466394364,
          1.0011651891848232,
          1.0037561776639978,
          1.0056197940016534,
          1.0021027805439846,
          0.9975055257604138,
          0.9947759601223463,
          0.9940401878257813,
          1.0038846798491838,
          0.9900753086917267,
          1.0022017392129778,
          0.9795439434146068,
          1.00443073965569,
          1.0105347208413626,
          1.0102218881134823,
          1.0021642854725945,
          1.0339680673544143,
          1.245184565938557,
          0.0,
          1.2543396846707677,
          1.1085108119990328,
          1.1127634830957407,
          1.0362121684036718,
          1.0173202745459504,
          1.0117714717810178,
          1.0571386056905145,
          1.0158800534788064
        ],
        [
          1.0660834346681058,
          1.0130172809791402,
          0.9991819404065356,
          0.9992016202326065,
          0.9984603829290448,
          1.0061715267689724,
          1.0081487356857066,
          1.0052228727308707,
          1.007777308658304,
          1.0096150654154115,
          1.0061547943445632,
          1.003313311961091,
          0.9989453988970599,
          0.998221116507092,
          1.0083216105811053,
          0.994314462136186,
          1.0105539475740544,
          0.9838934439110246,
          1.0195567404032988,
          1.0205229359117556,
          1.0201525837780987,
          1.0080159712654981,
          1.0606159805891533,
          1.1986698175211605,
          1.2543396846707677,
          0.0,
          1.1859919491234514,
          1.1910422870710096,
          1.0668919022985484,
          1.0309528344755805,
          1.0252597284127096,
          1.0963468516240125,
          1.0293630216066834
        ],
        [
          1.0308376778176083,
          1.0001691221100046,
          0.9941041128259664,
          0.9941847727543629,
          0.9935533487724378,
          1.0013448857620966,
          1.0033555933068496,
          1.0003802136147508,
          1.0029778522158999,
          1.004846098430673,
          1.001317948826021,
          0.9963701424565807,
          0.9939697434912033,
          0.9932322968032286,
          1.0030199374500324,
          0.9892564751432253,
          1.0005882967629611,
          0.9787062690758163,
          1.0016266735605062,
          1.0085953458356014,
          1.0082749912585498,
          1.0010263514803706,
          1.0290216110180965,
          1.0752885985316258,
          1.1085108119990328,
          1.1859919491234514,
          0.0,
          1.2085228074135188,
          1.032507322711582,
          1.0153118549491653,
          1.0094274990080407,
          1.052948420973219,
          1.0138185545789
        ],
        [
          1.033270515016644,
          1.0018344160141748,
          0.9954985703481846,
          0.9955800548707185,
          0.9949292825930901,
          1.0027120259284954,
          1.0047153761368504,
          1.001750871081634,
          1.0043390225870206,
          1.0061994178129092,
          1.0026734991084627,
          0.9978227350242793,
          0.9953602400598484,
          0.9946330480760658,
          1.00437848103184,
          0.9906676590032633,
          1.0021462905082992,
          0.9801506779708004,
          1.0034467515127052,
          1.0101994762968283,
          1.0098839822630736,
          1.002482516927252,
          1.0313196616107505,
          1.0790238204711005,
          1.1127634830957407,
          1.1910422870710096,
          1.2085228074135188,
          0.0,
          1.034986770951306,
          1.017094169163376,
          1.0112061409421933,
          1.055760413655049,
          1.0155819467814051
        ],
        [
          1.0783601447536029,
          1.0098537187352288,
          0.9905865718589046,
          0.9905277437236053,
          0.9898640536621913,
          0.9975481600050291,
          0.9995566397771367,
          0.9965845595678013,
          0.9991793089585445,
          1.0010573802050695,
          0.997663668563049,
          0.9961797396479307,
          0.9902747411359455,
          0.9894612956191393,
          1.0003193865660365,
          0.9855386741157609,
          1.0055190341083386,
          0.9749520818911731,
          1.019890964280971,
          1.0176437964579175,
          1.0169662279281744,
          1.1037324615903505,
          1.069858334257813,
          1.0275412263328307,
          1.0362121684036718,
          1.0668919022985484,
          1.032507322711582,
          1.034986770951306,
          0.0,
          1.6829792016851475,
          1.1023048603253298,
          1.7388407031505153,
          1.2476480276019455
        ],
        [
          1.0354710024229457,
          1.005144602964419,
          0.9992428853372292,
          0.9993312108189055,
          0.9986174205764443,
          1.0064732483394572,
          1.008480753227565,
          1.0055100996966042,
          1.0081036270689212,
          1.0099649229817564,
          1.006398685012131,
          1.001573879538772,
          0.99909554971765,
          0.9983898167877888,
          1.0080982022331828,
          0.9944050061466273,
          1.0057382547852138,
          0.9838528516282663,
          1.0059798924867978,
          1.0138825918826189,
          1.0136620804428937,
          1.2669857423061892,
          1.0331071612597214,
          1.017445804678481,
          1.0173202745459504,
          1.0309528344755805,
          1.0153118549491653,
          1.017094169163376,
          1.6829792016851475,
          0.0,
          1.0433249153634176,
          1.2450037645833947,
          1.226157924293159
        ],
        [
          1.0267546660092381,
          1.000482276917203,
          0.9958531629091254,
          0.9959470343609917,
          0.9952985345816533,
          1.0030856127599375,
          1.0050877971068963,
          1.0021250144361546,
          1.0047116640128073,
          1.006570002268436,
          1.0030346261761711,
          0.9978228677242778,
          0.9957303272997555,
          0.9950102421734591,
          1.0046471790141192,
          0.9910430012812251,
          1.001473737488977,
          0.9805333703032997,
          1.0007661079305252,
          1.0092204587776574,
          1.008924810359979,
          1.0079106076355278,
          1.0253613844733713,
          1.0121184027589185,
          1.0117714717810178,
          1.0252597284127096,
          1.0094274990080407,
          1.0112061409421933,
          1.1023048603253298,
          1.0433249153634176,
          0.0,
          1.3507372225919572,
          1.0417286396302872
        ],
        [
          1.1120425351509275,
          1.0216500842426919,
          0.9956730538647423,
          0.9955566056090394,
          0.9947659752474253,
          1.0025051118989117,
          1.004514069162086,
          1.0015412755660449,
          1.0041366601401993,
          1.0060157055133012,
          1.002627261382764,
          1.003009879991981,
          0.9952569896098503,
          0.99444627730467,
          1.005753870578625,
          0.9905265219588669,
          1.0149726654697087,
          0.9798937487979028,
          1.0357341176322301,
          1.0285787636553174,
          1.0283320963401268,
          1.0638264556895713,
          1.099591012183742,
          1.0440373895096442,
          1.0571386056905145,
          1.0963468516240125,
          1.052948420973219,
          1.055760413655049,
          1.7388407031505153,
          1.2450037645833947,
          1.3507372225919572,
          0.0,
          1.1582381775329798
        ],
        [
          1.0330692046500045,
          1.0039146288202174,
          0.9984157081763846,
          0.9985035105598801,
          0.9978162386278878,
          1.0055663551481953,
          1.0075504934861146,
          1.0046143856890952,
          1.0071777616109947,
          1.0090180244060927,
          1.005500887261765,
          1.0006345716014244,
          0.9982755683868438,
          0.9975724075515947,
          1.007163779734526,
          0.993635567067182,
          1.004615731356256,
          0.9832056786173733,
          1.004574130934892,
          1.0124958107454247,
          1.0123211860462364,
          1.102277550625702,
          1.0309140132925687,
          1.0160438258670412,
          1.0158800534788064,
          1.0293630216066834,
          1.0138185545789,
          1.0155819467814051,
          1.2476480276019455,
          1.226157924293159,
          1.0417286396302872,
          1.1582381775329798,
          0.0
        ]
      ]
    },
    "country": {
      "alphabet": [
        "",
        "Canada",
        "China",
        "Hong_Kong",
        "India",
        "Japan",
        "Mexico",
        "South_Korea",
        "Taiwan",
        "Thailand",
        "USA",
        "Vietnam",
        "?"
      ],
      "equilibrium_probabilities": [
        0.054017676235071616,
        0.07438119501854266,
        0.09050169500863288,
        0.08848586222053037,
        0.08864864760326933,
        0.07921931033776057,
        0.0550265678349972,
        0.07312763346954824,
        0.09149538570025426,
        0.08518639204619295,
        0.12107714408484867,
        0.09883249044035122
      ],
      "rate": 1.4922875972542307,
      "transition_matrix": [
        [
          0.0,
          1.0179042856274754,
          1.416506279657979,
          1.0175403642138896,
          1.0180625364043103,
          0.9888091786965141,
          1.0168908047167917,
          0.9638940769857558,
          0.9970497653301954,
          1.013008312786938,
          3.160331117041649,
          1.0179485494139622
        ],
        [
          1.0179042856274754,
          0.0,
          0.9568001207111548,
          1.017215651497203,
          1.018064292254542,
          0.9781603038578868,
          0.986967409205793,
          0.9448311230697357,
          0.9892491016811801,
          1.011018401625763,
          1.0087334310657345,
          1.017886000972251
        ],
        [
          1.416506279657979,
          0.9568001207111548,
          0.0,
          1.2666691742332055,
          1.3186156364328143,
          0.9149914390042833,
          0.9729826203443052,
          0.8799618468334063,
          1.3154312333884128,
          1.8173085153813013,
          1.0283831774961119,
          2.1735290183303673
        ],
        [
          1.0175403642138896,
          1.017215651497203,
          1.2666691742332055,
          0.0,
          1.017619640708119,
          0.9720689035590279,
          0.9808767017055742,
          0.9316532837188679,
          1.2013911137686868,
          1.0094194140108317,
          0.6311237391801283,
          1.0176810235464195
        ],
        [
          1.0180625364043103,
          1.018064292254542,
          1.3186156364328143,
          1.017619640708119,
          0.0,
          0.9711978166872935,
          0.981390336648236,
          0.9322404871076634,
          0.9844715402115699,
          1.0102957567339461,
          0.6312613528985638,
          1.1529708892256658
        ],
        [
          0.9888091786965141,
          0.9781603038578868,
          0.9149914390042833,
          0.9720689035590279,
          0.9711978166872935,
          0.0,
          0.9572533899567104,
          0.907083048721749,
          1.416455822970949,
          0.9661008705114515,
          0.9499849554991352,
          0.9659342467370902
        ],
        [
          1.0168908047167917,
          0.986967409205793,
          0.9729826203443052,
          0.9808767017055742,
          0.981390336648236,
          0.9572533899567104,
          0.0,
          0.9356609905165126,
          0.9603149656233175,
          0.9779605540277818,
          3.1950744482992404,
          0.9772241965193146
        ],
        [
          0.9638940769857558,
          0.9448311230697357,
          0.8799618468334063,
          0.9316532837188679,
          0.9322404871076634,
          0.907083048721749,
          0.9356609905165126,
          0.0,
          0.9059934199882318,
          0.929475289018151,
          1.5631681482719335,
          0.923153203432261
        ],
        [
          0.9970497653301954,
          0.9892491016811801,
          1.3154312333884128,
          1.2013911137686868,
          0.9844715402115699,
          1.416455822970949,
          0.9603149656233175,
          0.9059934199882318,
          0.0,
          0.977775073902712,
          0.6060206394475054,
          0.9809082518553552
        ],
        [
          1.013008312786938,
          1.011018401625763,
          1.8173085153813013,
          1.0094194140108317,
          1.0102957567339461,
          0.9661008705114515,
          0.9779605540277818,
          0.929475289018151,
          0.977775073902712,
          0.0,
          0.954429512794981,
          1.2310820739789379
        ],
        [
          3.160331117041649,
          1.0087334310657345,
          1.0283831774961119,
          0.6311237391801283,
          0.6312613528985638,
          0.9499849554991352,
          3.1950744482992404,
          1.5631681482719335,
          0.6060206394475054,
          0.954429512794981,
          0.0,
          0.6048252975818046
        ],
        [
          1.0179485494139622,
          1.017886000972251,
          2.1735290183303673,
          1.0176810235464195,
          1.1529708892256658,
          0.9659342467370902,
          0.9772241965193146,
          0.923153203432261,
          0.9809082518553552,
          1.2310820739789379,
          0.6048252975818046,
          0.0
        ]
      ]
    },
    "rflp": {
      "alphabet": [
        "1-1-2",
        "1-1-3",
        "1-1-4",
        "1-10-1",
        "1-10-2",
        "1-10-3",
        "1-10-4",
        "1-115-4",
        "1-12-1",
        "1-12-2",
        "1-12-4",
        "1-13-2",
        "1-153-4",
        "1-16-2",
        "1-16-3",
        "1-16-4",
        "1-17-4",
        "1-18-1",
        "1-18-2",
        "1-18-4",
        "1-19-2",
        "1-19-4",
        "1-19-6",
        "1-2-1",
        "1-2-2",
        "1-2-3",
        "1-2-4",
        "1-2-8",
