{
  "generated_by": {
    "program": "augur",
    "version": "21.1.0"
  },
  "models": {
    "clade_membership": {
      "alphabet": [
        "L10",
        "L1A",
        "L1B",
        "L1C-unclade",
        "L1C.1",
        "L1C.4",
        "L1D",
        "L1E",
        "L1F",
        "L1I",
        "L2",
        "L3",
        "L4",
        "L5A",
        "L5B",
        "L6",
        "L7",
        "L8A",
        "L8B",
        "L8C",
        "L8D",
        "L8E",
        "L9A",
        "L9B",
        "L9C",
        "L9D",
        "L9E",
        "?"
      ],
      "equilibrium_probabilities": [
        0.036827231923351994,
        0.03628118019381489,
        0.03715995002508688,
        0.03646896175064585,
        0.036768452048802115,
        0.036782027453243105,
        0.03657552024953184,
        0.03647500960186413,
        0.036934901506932086,
        0.03531264456954981,
        0.03698155643767664,
        0.039532245243809744,
        0.03747470196738615,
        0.036913473240917455,
        0.03673768564451141,
        0.03744996342969528,
        0.03672871324743855,
        0.03714666583461436,
        0.036916789732011214,
        0.03666044056663136,
        0.038089958676898995,
        0.037817119703304355,
        0.03712519322141485,
        0.03720803191419164,
        0.03746702124757337,
        0.037520302851392635,
        0.03664425771770921
      ],
      "rate": 3.1939789624503865,
      "transition_matrix": [
        [
          0.0,
          1.0114889454757197,
          0.9874225743815516,
          1.0248099611215356,
          0.9839237529911812,
          0.9704867213051829,
          0.9956955533598045,
          1.0035837059428312,
          1.0307757345450141,
          1.0185554541064648,
          1.0602834217120518,
          0.9896961677072899,
          1.1398310797335642,
          0.9831221452042997,
          1.0508502001368831,
          0.9853077480935769,
          1.0941918251045775,
          0.9856127211004638,
          1.0208097663917384,
          1.0190722365845104,
          0.9723183278231997,
          0.9803477343103925,
          1.0710976924300133,
          0.9965584470656436,
          1.0021573095876855,
          1.0265942208732919,
          1.0939376958194669
        ],
        [
          1.0114889454757197,
          0.0,
          1.4802581070988627,
          1.2214249841132516,
          1.0170322626499957,
          1.002876103977208,
          1.1371374956171518,
          1.119182766831442,
          1.2143050381343659,
          1.4054573319399977,
          1.0338269962311677,
          1.0293338602460906,
          1.069493171247518,
          1.0115306860143982,
          1.025788060501989,
          1.015848452193183,
          1.0129216976391695,
          1.010267306076018,
          1.0260930884541357,
          1.0181852765397335,
          0.9942256086684109,
          0.9960881942338004,
          1.0338083502756301,
          1.0088602884174864,
          1.0106761704467688,
          1.008221943749439,
          1.0231291131360498
        ],
        [
          0.9874225743815516,
          1.4802581070988627,
          0.0,
          1.0918468925880263,
          0.9978686049013739,
          0.9839399600515393,
          1.0415417812216576,
          1.0327918874805786,
          1.0929893878523118,
          1.1705787659668174,
          1.007112320276106,
          0.974877204968841,
          1.0021143953726803,
          0.9923387556214919,
          0.9995047776624418,
          0.9963869848449151,
          0.9911312691899061,
          0.9909176729641432,
          1.0061477246117296,
          0.9983055903735369,
          0.97457228567918,
          0.976397005121026,
          1.0125218742175273,
          0.9892583478319396,
          0.9908069821026517,
          0.9876160235998308,
          1.0012640544586306
        ],
        [
          1.0248099611215356,
          1.2214249841132516,
          1.0918468925880263,
          0.0,
          1.6935974301989907,
          1.5972047839943502,
          1.164490359498929,
          1.0880206097086274,
          1.2620390861427875,
          1.3286050028763547,
          1.0460993691704978,
          1.0217186994097076,
          1.0532927114133617,
          1.0290728984571698,
          1.037807762499077,
          1.0338121093628336,
          1.0281286760587351,
          1.0277645378207358,
          1.0436729618761322,
          1.0352146057814848,
          1.0114642428937937,
          1.0131491345710597,
          1.0508535037342466,
          1.0261088387142605,
          1.0280227750013953,
          1.0248980873453923,
          1.0387798085925692
        ],
        [
          0.9839237529911812,
          1.0170322626499957,
          0.9978686049013739,
          1.6935974301989907,
          0.0,
          0.9825254100317307,
          1.006682277615728,
          0.99977671113426,
          1.0413540043968472,
          1.011599879753967,
          1.002431134196013,
          0.9586819158988591,
          0.9792208954893122,
          0.9906140744116114,
          0.9950022775263949,
          0.9946088144388462,
          0.9884521737452908,
          0.9891821712981499,
          1.004036340872626,
          0.9962545721864836,
          0.9729983516678391,
          0.9747565436193083,
          1.0099124361466492,
          0.9874516548808053,
          0.9889330450250318,
          0.9855229831775492,
          0.9984749717886815
        ],
        [
          0.9704867213051829,
          1.002876103977208,
          0.9839399600515393,
          1.5972047839943502,
          0.9825254100317307,
          0.0,
          0.9927047883885712,
          0.9860370790370496,
          1.0263032441363613,
          0.9979055374163588,
          0.9884581551022186,
          0.9449786408393823,
          0.9656537823139663,
          0.9769456630096794,
          0.9813089815626986,
          0.9806654199184142,
          0.974931001568709,
          0.9754903440154195,
          0.9900426149445465,
          0.9825507369995946,
          0.9594081921904389,
          0.9612158379289855,
          0.9956931714516721,
          0.9737889879768513,
          0.9751408682909125,
          0.9717978134989876,
          0.9847151497747921
        ],
        [
          0.9956955533598045,
          1.1371374956171518,
          1.0415417812216576,
          1.164490359498929,
          1.006682277615728,
          0.9927047883885712,
          0.0,
          1.0381139310573566,
          1.3227270476541657,
          1.2158026367035981,
          1.0152286306868015,
          0.9822892034999637,
          1.0096027437455941,
          1.0010247444729412,
          1.0075713835018858,
          1.0051974270927706,
          0.9995580180021275,
          0.999634713306393,
          1.014810295311812,
          1.0068856505179682,
          0.9834425495308602,
          0.9852011001852525,
          1.0211669913918544,
          0.9979589661195035,
          0.9995607954356333,
          0.9963270799318671,
          1.00972941703323
        ],
        [
          1.0035837059428312,
          1.119182766831442,
          1.0327918874805786,
          1.0880206097086274,
          0.99977671113426,
          0.9860370790370496,
          1.0381139310573566,
          0.0,
          1.0895860400771515,
          1.2631792599944822,
          1.0296766637433923,
          1.0785298239940169,
          1.1488123590574888,
          0.9945952381459112,
          1.0216160165791506,
          0.9985174644773838,
          1.000870377744894,
          0.9934365376877581,
          1.0098139063806322,
          1.0024894180641244,
          0.9775300560545231,
          0.9797205125140205,
          1.0191820139653178,
          0.9925055925247761,
          0.9943430111229116,
          0.9931830219217753,
          1.0106496201015542
        ],
        [
          1.0307757345450141,
          1.2143050381343659,
          1.0929893878523118,
          1.2620390861427875,
          1.0413540043968472,
          1.0263032441363613,
          1.3227270476541657,
          1.0895860400771515,
          0.0,
          1.3142019236546654,
          1.0524067489074658,
          1.0254598266304051,
          1.0564211490672475,
          1.0355328187089365,
          1.0438893082553207,
          1.0404526354857948,
          1.0343324302503367,
          1.0342064899460977,
          1.050439104318106,
          1.0417251331395123,
          1.0176444593229281,
          1.0193200186347526,
          1.057752515104154,
          1.0324957637358017,
          1.0344890372666085,
          1.0312526945423712,
          1.045249635919866
        ],
        [
          1.0185554541064648,
          1.4054573319399977,
          1.1705787659668174,
          1.3286050028763547,
          1.011599879753967,
          0.9979055374163588,
          1.2158026367035981,
          1.2631792599944822,
          1.3142019236546654,
          0.0,
          1.0457107057276247,
          1.1005796386438358,
          1.169390394374613,
          1.0064022058522477,
          1.0374770138227938,
          1.0104043223452084,
          1.014499505120456,
          1.0053783268564382,
          1.0219251025343181,
          1.014726358675231,
          0.9899605536430027,
          0.9921653213767121,
          1.0320991526579324,
          1.004656658933693,
          1.0066484826050994,
          1.0060738304853807,
          1.0241374896491282
        ],
        [
          1.0602834217120518,
          1.0338269962311677,
          1.007112320276106,
          1.0460993691704978,
          1.002431134196013,
          0.9884581551022186,
          1.0152286306868015,
          1.0296766637433923,
          1.0524067489074658,
          1.0457107057276247,
          0.0,
          1.0306005102856448,
          1.252339537279565,
          0.9983844971478306,
          1.2280930254636198,
          1.001921369629884,
          1.0336724340211374,
          0.9980905015246662,
          1.020194720283444,
          1.0143768983897083,
          0.9826491476618742,
          0.9864776799259585,
          1.0417505539139404,
          0.9998957984964474,
          1.0029579851299477,
          1.009584368564552,
          1.0431388442684082
        ],
        [
          0.9896961677072899,
          1.0293338602460906,
          0.974877204968841,
          1.0217186994097076,
          0.9586819158988591,
          0.9449786408393823,
          0.9822892034999637,
          1.0785298239940169,
          1.0254598266304051,
          1.1005796386438358,
          1.0306005102856448,
          0.0,
          1.2805256573761852,
          0.9537714020664234,
          1.0213578547742992,
          0.9569155156211793,
          0.974983993284902,
          0.9528255751156217,
          0.9720485752247418,
          0.965730345998019,
          0.9363432123436553,
          0.9395903235400173,
          0.98689174725427,
          0.9533103986453345,
          0.9554188733726648,
          0.9578284837908746,
          0.9833798814191926
        ],
        [
          1.1398310797335642,
          1.069493171247518,
          1.0021143953726803,
          1.0532927114133617,
          0.9792208954893122,
          0.9656537823139663,
          1.0096027437455941,
          1.1488123590574888,
          1.0564211490672475,
          1.169390394374613,
          1.252339537279565,
          1.2805256573761852,
          0.0,
          0.9778687014737945,
          1.233063863899339,
          0.9799137553596377,
          1.0709333568503165,
          0.9793862667864043,
          1.0112294087832863,
          1.008622488776097,
          0.9653599284238195,
          0.9723429865670273,
          1.053585963519759,
          0.9876778658352009,
          0.9925021450396487,
          1.0119835562924433,
          1.0699936835733326
        ],
        [
          0.9831221452042997,
          1.0115306860143982,
          0.9923387556214919,
          1.0290728984571698,
          0.9906140744116114,
          0.9769456630096794,
          1.0010247444729412,
          0.9945952381459112,
          1.0355328187089365,
          1.0064022058522477,
          0.9983844971478306,
          0.9537714020664234,
          0.9778687014737945,
          0.0,
          0.9909230440733189,
          1.306651111361054,
          0.9904945152078778,
          1.191535921313735,
          1.0519906826124301,
          1.0835262053842472,
          1.086507885805384,
          1.0326443072020655,
          1.0325495537653677,
          0.9859680216448482,
          0.9884085709495914,
          0.9915246555246606,
          1.0239949730529379
        ],
        [
          1.0508502001368831,
          1.025788060501989,
          0.9995047776624418,
          1.037807762499077,
          0.9950022775263949,
          0.9813089815626986,
          1.0075713835018858,
          1.0216160165791506,
          1.0438893082553207,
          1.0374770138227938,
          1.2280930254636198,
          1.0213578547742992,
          1.233063863899339,
          0.9909230440733189,
          0.0,
          0.9943483026319118,
          1.0251596807157728,
          0.9906127540013785,
          1.0121939714049406,
          1.0064868713898116,
          0.9752990941024916,
          0.9790699161507618,
          1.0330330046737985,
          0.9923833816041122,
          0.9953081939157732,
          1.0016090391176782,
          1.0342303320237738
        ],
        [
          0.9853077480935769,
          1.015848452193183,
          0.9963869848449151,
          1.0338121093628336,
          0.9946088144388462,
          0.9806654199184142,
          1.0051974270927706,
          0.9985174644773838,
          1.0404526354857948,
          1.0104043223452084,
          1.001921369629884,
          0.9569155156211793,
          0.9799137553596377,
          1.306651111361054,
          0.9943483026319118,
          0.0,
          0.9919060115362683,
          1.1386802859930183,
          1.0396335444651914,
          1.059021382373048,
          1.0577132595971632,
          1.0187642169225137,
          1.0271134827371868,
          0.9883692726542859,
          0.9905480533413538,
          0.9917348809551271,
          1.016709418400096
        ],
        [
          1.0941918251045775,
          1.0129216976391695,
          0.9911312691899061,
          1.0281286760587351,
          0.9884521737452908,
          0.974931001568709,
          0.9995580180021275,
          1.000870377744894,
          1.0343324302503367,
          1.014499505120456,
          1.0336724340211374,
          0.974983993284902,
          1.0709333568503165,
          0.9904945152078778,
          1.0251596807157728,
          0.9919060115362683,
          0.0,
          0.9951918678249762,
          1.040351053754335,
          1.0411842710223003,
          0.983366968736924,
          0.9944146090675599,
          1.1113689972327983,
          1.0132501125809867,
          1.0207712058924794,
          1.057378014924383,
          1.1477356956978404
        ],
        [
          0.9856127211004638,
          1.010267306076018,
          0.9909176729641432,
          1.0277645378207358,
          0.9891821712981499,
          0.9754903440154195,
          0.999634713306393,
          0.9934365376877581,
          1.0342064899460977,
          1.0053783268564382,
          0.9980905015246662,
          0.9528255751156217,
          0.9793862667864043,
          1.191535921313735,
          0.9906127540013785,
          1.1386802859930183,
          0.9951918678249762,
          0.0,
          1.0814005346298665,
          1.129745418160723,
          1.1592205453896258,
          1.0734278147911975,
          1.0468709510821392,
          0.9878763213342531,
          0.9909320206182202,
          0.9983328190407552,
          1.0373298914335565
        ],
        [
          1.0208097663917384,
          1.0260930884541357,
          1.0061477246117296,
          1.0436729618761322,
          1.004036340872626,
          0.9900426149445465,
          1.014810295311812,
          1.0098139063806322,
          1.050439104318106,
          1.0219251025343181,
          1.020194720283444,
          0.9720485752247418,
          1.0112294087832863,
          1.0519906826124301,
          1.0121939714049406,
          1.0396335444651914,
          1.040351053754335,
          1.0814005346298665,
          0.0,
          1.2454678601755702,
          1.0842493749268196,
          1.1239712173879435,
          1.135058273199092,
          1.0214289468775761,
          1.027246369085978,
          1.051519173277296,
          1.1210083006276454
        ],
        [
          1.0190722365845104,
          1.0181852765397335,
          0.9983055903735369,
          1.0352146057814848,
          0.9962545721864836,
          0.9825507369995946,
          1.0068856505179682,
          1.0024894180641244,
          1.0417251331395123,
          1.014726358675231,
          1.0143768983897083,
          0.965730345998019,
          1.008622488776097,
          1.0835262053842472,
          1.0064868713898116,
          1.059021382373048,
          1.0411842710223003,
          1.129745418160723,
          1.2454678601755702,
          0.0,
          1.1408547041105916,
          1.1973888234467371,
          1.1472566803820634,
          1.0191827741524113,
          1.0255171356583015,
          1.0538229887459607,
          1.1326337587991469
        ],
        [
          0.9723183278231997,
          0.9942256086684109,
          0.97457228567918,
          1.0114642428937937,
          0.9729983516678391,
          0.9594081921904389,
          0.9834425495308602,
          0.9775300560545231,
          1.0176444593229281,
          0.9899605536430027,
          0.9826491476618742,
          0.9363432123436553,
          0.9653599284238195,
          1.086507885805384,
          0.9752990941024916,
          1.0577132595971632,
          0.983366968736924,
          1.1592205453896258,
          1.0842493749268196,
          1.1408547041105916,
          0.0,
          1.081460175143445,
          1.0413092032085633,
          0.9740802473237143,
          0.9774212651014323,
          0.9874537523503913,
          1.031559561572547
        ],
        [
          0.9803477343103925,
          0.9960881942338004,
          0.976397005121026,
          1.0131491345710597,
          0.9747565436193083,
          0.9612158379289855,
          0.9852011001852525,
          0.9797205125140205,
          1.0193200186347526,
          0.9921653213767121,
          0.9864776799259585,
          0.9395903235400173,
          0.9723429865670273,
          1.0326443072020655,
          0.9790699161507618,
          1.0187642169225137,
          0.9944146090675599,
          1.0734278147911975,
          1.1239712173879435,
          1.1973888234467371,
          1.081460175143445,
          0.0,
          1.0652662158017103,
          0.9815146484903541,
          0.9856686510313039,
          1.000945874053372,
          1.0541846889877735
        ],
        [
          1.0710976924300133,
          1.0338083502756301,
          1.0125218742175273,
          1.0508535037342466,
          1.0099124361466492,
          0.9956931714516721,
          1.0211669913918544,
          1.0191820139653178,
          1.057752515104154,
          1.0320991526579324,
          1.0417505539139404,
          0.98689174725427,
          1.053585963519759,
          1.0325495537653677,
          1.0330330046737985,
          1.0271134827371868,
          1.1113689972327983,
          1.0468709510821392,
          1.135058273199092,
          1.1472566803820634,
          1.0413092032085633,
          1.0652662158017103,
          0.0,
          1.068462886401401,
          1.079588880162722,
          1.1378988356662174,
          1.268339452096832
        ],
        [
          0.9965584470656436,
          1.0088602884174864,
          0.9892583478319396,
          1.0261088387142605,
          0.9874516548808053,
          0.9737889879768513,
          0.9979589661195035,
          0.9925055925247761,
          1.0324957637358017,
          1.004656658933693,
          0.9998957984964474,
          0.9533103986453345,
          0.9876778658352009,
          0.9859680216448482,
          0.9923833816041122,
          0.9883692726542859,
          1.0132501125809867,
          0.9878763213342531,
          1.0214289468775761,
          1.0191827741524113,
          0.9740802473237143,
          0.9815146484903541,
          1.068462886401401,
          0.0,
          1.0192795101004106,
          1.0600342349599436,
          1.3434580733889248
        ],
        [
          1.0021573095876855,
          1.0106761704467688,
          0.9908069821026517,
          1.0280227750013953,
          0.9889330450250318,
          0.9751408682909125,
          0.9995607954356333,
          0.9943430111229116,
          1.0344890372666085,
          1.0066484826050994,
          1.0029579851299477,
          0.9554188733726648,
          0.9925021450396487,
          0.9884085709495914,
          0.9953081939157732,
          0.9905480533413538,
          1.0207712058924794,
          0.9909320206182202,
          1.027246369085978,
          1.0255171356583015,
          0.9774212651014323,
          0.9856686510313039,
          1.079588880162722,
          1.0192795101004106,
          0.0,
          1.2828616184726565,
          1.1766255065789437
        ],
        [
          1.0265942208732919,
          1.008221943749439,
          0.9876160235998308,
          1.0248980873453923,
          0.9855229831775492,
          0.9717978134989876,
          0.9963270799318671,
          0.9931830219217753,
          1.0312526945423712,
          1.0060738304853807,
          1.009584368564552,
          0.9578284837908746,
          1.0119835562924433,
          0.9915246555246606,
          1.0016090391176782,
          0.9917348809551271,
          1.057378014924383,
          0.9983328190407552,
          1.051519173277296,
          1.0538229887459607,
          0.9874537523503913,
          1.000945874053372,
          1.1378988356662174,
          1.0600342349599436,
          1.2828616184726565,
          0.0,
          1.2856969091523363
        ],
        [
          1.0939376958194669,
          1.0231291131360498,
          1.0012640544586306,
          1.0387798085925692,
          0.9984749717886815,
          0.9847151497747921,
          1.00972941703323,
          1.0106496201015542,
          1.045249635919866,
          1.0241374896491282,
          1.0431388442684082,
          0.9833798814191926,
          1.0699936835733326,
          1.0239949730529379,
          1.0342303320237738,
          1.016709418400096,
          1.1477356956978404,
          1.0373298914335565,
          1.1210083006276454,
          1.1326337587991469,
          1.031559561572547,
          1.0541846889877735,
          1.268339452096832,
          1.3434580733889248,
          1.1766255065789437,
          1.2856969091523363,
          0.0
        ]
      ]
    },
    "country": {
      "alphabet": [
        "",
        "Canada",
        "China",
        "India",
        "Japan",
        "Mexico",
        "Taiwan",
        "Thailand",
        "USA",
        "Vietnam",
        "?"
      ],
      "equilibrium_probabilities": [
        0.10096897052228586,
        0.08736559529790293,
        0.09954521907884677,
        0.10588657346651782,
        0.08677830270632073,
        0.06579845118643687,
        0.09175314162091207,
        0.10069817639601696,
        0.14353256331746203,
        0.11767300640729794
      ],
      "rate": 2.0936521667807186,
      "transition_matrix": [
        [
          0.0,
          0.8379008878779838,
          1.1526795021950227,
          0.8382499883376284,
          0.797158691056766,
          0.8040314601411381,
          0.8079878404236076,
          0.8304236654467249,
          1.1811774591552795,
          0.838087349121948
        ],
        [
          0.8379008878779838,
          0.0,
          0.7819163472356186,
          0.8378836840182513,
          0.8022985588215636,
          0.8084594474561289,
          0.8114458985235414,
          0.8311022808695897,
          1.5914772613844228,
          0.8376387112721464
        ],
        [
          1.1526795021950227,
          0.7819163472356186,
          0.0,
          1.0767890929240016,
          0.7472218472946578,
          0.7652534719016292,
          1.1429310556152554,
          1.4946722318280654,
          1.8606234457982334,
          1.7862106747750361
        ],
        [
          0.8382499883376284,
          0.8378836840182513,
          1.0767890929240016,
          0.0,
          0.795238024566656,
          0.8023128031709102,
          0.8064988073014092,
          0.8302405045321083,
          1.0941640598532354,
          0.9516764736056639
        ],
        [
          0.797158691056766,
          0.8022985588215636,
          0.7472218472946578,
          0.795238024566656,
          0.0,
          0.7836949397317802,
          0.7779734551115493,
          0.7911770434831557,
          2.02474283875815,
          0.790540421924778
        ],
        [
          0.8040314601411381,
          0.8084594474561289,
          0.7652534719016292,
          0.8023128031709102,
          0.7836949397317802,
          0.0,
          0.7884227300386238,
          0.7994044035244443,
          4.108845660560272,
          0.7983561812982782
        ],
        [
          0.8079878404236076,
          0.8114458985235414,
          1.1429310556152554,
          0.8064988073014092,
          0.7779734551115493,
          0.7884227300386238,
          0.0,
          0.801632890449006,
          1.4693946191581022,
          0.8034886679912947
        ],
        [
          0.8304236654467249,
          0.8311022808695897,
          1.4946722318280654,
          0.8302405045321083,
          0.7911770434831557,
          0.7994044035244443,
          0.801632890449006,
          0.0,
          1.5724317059692297,
          1.0188894602189111
        ],
        [
          1.1811774591552795,
          1.5914772613844228,
          1.8606234457982334,
          1.0941640598532354,
          2.02474283875815,
          4.108845660560272,
          1.4693946191581022,
          1.5724317059692297,
          0.0,
          1.1305718335192765
        ],
        [
          0.838087349121948,
          0.8376387112721464,
          1.7862106747750361,
          0.9516764736056639,
          0.790540421924778,
          0.7983561812982782,
          0.8034886679912947,
          1.0188894602189111,
          1.1305718335192765,
          0.0
        ]
      ]
    },
    "rflp": {
      "alphabet": [
        "1-1-2",
        "1-1-3",
        "1-1-4",
        "1-10-1",
        "1-10-2",
        "1-10-4",
        "1-12-4",
        "1-13-2",
        "1-16-4",
        "1-18-2",
        "1-18-4",
        "1-19-2",
        "1-2-1",
        "1-2-2",
        "1-2-3",
        "1-2-4",
        "1-22-2",
        "1-26-2",
        "1-3-1",
        "1-3-2",
        "1-3-3",
        "1-3-4",
        "1-3-7",
        "1-30-2",
        "1-30-4",
        "1-37-2",
        "1-4-1",
        "1-4-2",
        "1-4-3",
        "1-4-4",
        "1-5-1",
        "1-5-3",
        "1-55-4",
        "1-6-1",
        "1-6-2",
        "1-6-3",
        "1-7-1",
        "1-7-2",
        "1-7-3",
        "1-7-4",
        "1-8-2",
        "1-8-4",
        "1-X-4",
        "2-5-2",
        "?"
      ],
      "equilibrium_probabilities": [
        0.022154487804592973,
        0.024860706088769217,
        0.024216353855170188,
        0.024454779896752567,
        0.023326378460175233,
        0.02432040900198169,
        0.023590219676611842,
        0.024554979793860787,
        0.022225710685774714,
        0.02375223813728441,
        0.024137217987635955,
        0.024642121828400025,
        0.022849445798484556,
        0.020048391039565665,
        0.023587030284456918,
        0.019287095256680237,
        0.023493313341701322,
        0.02477608659052334,
        0.024191900296943944,
        0.02059852476091627,
        0.02500716199575531,
        0.017706371574645944,
        0.023183461303160183,
        0.02431723594407289,
        0.024705508771132634,
        0.02461632553485074,
        0.021374729525182403,
        0.015197350037816781,
        0.020977837022900216,
        0.01309491274890984,
        0.023945862431594474,
        0.024705458574203976,
        0.02321164915160264,
        0.024465626878038157,
        0.024357289213868257,
        0.023557420788992985,
        0.02441711020647706,
        0.023362889540366524,
        0.02464142101946346,
        0.02090213346380948,
        0.023113093925486702,
        0.017251505918961522,
        0.023773340925297645,
        0.023046912917128466
      ],
      "rate": 10.637177661955988,
      "transition_matrix": [
        [
          0.0,
          0.949787162771413,
          0.9519594010616601,
          0.9496237500110614,
          0.9493059507447085,
          0.9497226660504676,
          0.9498141836470911,
          0.949828072183493,
          0.9485028970263448,
          0.9636034800932326,
          0.9559129213706936,
          0.9512081735816507,
          0.9615574628482251,
          0.9594968090890256,
          0.949264300754153,
          0.9758166798535853,
          0.9716333176141733,
          0.9636980131877778,
          0.9492602736356965,
          0.9789316707215565,
          0.9486621902068868,
          0.9730345977529334,
          0.9494591494803627,
          0.9495922446751954,
          0.9490058760932755,
          0.9495074207493436,
          0.9522104366585409,
          2.3998444832044603,
          0.9487937773950681,
          1.1238896450090976,
          0.9498715089392602,
          0.94985923591877,
          0.9491666776632265,
          0.9498279964257275,
          0.9498674401736191,
          0.9433741147591072,
          0.9498098422066367,
          0.9495779833935906,
          0.9497821179104173,
          1.0061584794264322,
          0.9495715392331727,
          1.2829091787695444,
          0.9584966432935693,
          0.9669767170640802
        ],
        [
          0.949787162771413,
          0.0,
          0.9473228175290096,
          0.9447361283819719,
          0.9446561450764651,
          0.9448723583986062,
          0.9451570988423482,
          0.9449331686561178,
          0.9440012675672222,
          0.9604728814568879,
          0.9518055962358998,
          0.94644567525722,
          0.957542122233591,
          0.9560387826664898,
          0.9445888320616779,
          0.9744370119661321,
          0.9694725017132595,
          0.9603153939039404,
          0.9443839535505295,
          0.9778973001280564,
          1.4148704913513985,
          0.9707203157411277,
          0.9447999895037315,
          0.944730273132457,
          0.94398033333325,
          0.9445585062090939,
          0.9477452857938022,
          1.2126753515381081,
          0.9441339945975783,
          1.1385505744462834,
          0.945087261780948,
          0.9449523808383131,
          0.9445332123375099,
          0.9449748085392892,
          0.9449762503197952,
          1.4075289535556352,
          0.9449495055091887,
          0.9448403649300618,
          0.9448700115226314,
          1.008977103140208,
          0.9450078459765351,
          1.330913051865397,
          0.9542949817924462,
          0.9635966675448895
        ],
        [
          0.9519594010616601,
          0.9473228175290096,
          0.0,
          0.9471991690289983,
          0.9470426760423092,
          0.9473219179939141,
          0.9475521159958391,
          0.9474072566538253,
          0.946897985961862,
          0.962525900892998,
          0.9540849015617607,
          0.9488931526515569,
          0.9596199026986322,
          0.9588422118673803,
          0.946964698297506,
          1.5167160131886979,
          0.9713149336750382,
          0.9624934666205347,
          0.9468321654653604,
          0.9793302521476809,
          0.9460776190111242,
          0.9721856115726836,
          0.9471562028943309,
          0.9475006275158302,
          0.9465010512202833,
          0.9470497561071481,
          0.9499447398532911,
          1.2294772059300685,
          0.946276468497655,
          1.1596080731046086,
          0.9475008569253227,
          0.9474229775048131,
          0.9469090920514139,
          0.9474195479143188,
          0.9474341237580391,
          0.9404292904689653,
          0.9473920209112482,
          0.9472142316164545,
          0.9473323024749756,
          1.0096446713548064,
          0.9473453331436351,
          1.3214219741573439,
          0.956503849906117,
          0.9655473775689551
        ],
        [
          0.9496237500110614,
          0.9447361283819719,
          0.9471991690289983,
          0.0,
          0.9445777051145829,
          0.9447909266511393,
          0.9450706872256236,
          0.9448517537026768,
          0.9439338238946487,
          0.9601292276872786,
          0.9516077830056653,
          0.9463379952817278,
          0.957246884569816,
          0.9557669167528611,
          0.9444713024377153,
          0.9738499679691208,
          0.9689711150141287,
          0.959977030638939,
          0.9443108568965066,
          0.9772469190562157,
          0.9434650481392811,
          0.9701904901439736,
          0.9447200493966185,
          0.9446520804024546,
          0.9439146671811771,
          0.9444832731636994,
          0.9476140390193628,
          1.2071907189542856,
          0.9439699415612172,
          1.1347252633097935,
          0.9450024471803318,
          0.9448702195576658,
          0.9444576746794885,
          0.9448923474765435,
          0.9448939273002105,
          1.4068175820918136,
          0.9448674713775864,
          0.944759690272356,
          0.9447891674209067,
          1.0077724633491731,
          0.9449242703676576,
          1.3224078702421385,
          0.9540532907319489,
          0.9631964152566017
        ],
        [
          0.9493059507447085,
          0.9446561450764651,
          0.9470426760423092,
          0.9445777051145829,
          0.0,
          1.0764027242187026,
          0.9450809664891406,
          0.9447677721966987,
          0.9438861721072358,
          0.9593516750806267,
          0.9512272255001594,
          0.9461885332308954,
          0.9565865684286546,
          0.9552484478224356,
          0.9444116531883435,
          0.972673756248495,
          0.9680028780536668,
          0.9591929508226658,
          0.9445426695394996,
          0.9768050466190334,
          0.9434502247241355,
          1.4111942177052574,
          0.944632636962741,
          0.9445752702291474,
          0.9438760216801222,
          0.9445517424479593,
          0.9498215705355199,
          1.195929659145532,
          0.944086158329898,
          1.6736341208032617,
          0.9451386972177817,
          0.9447669261249872,
          0.9445125873267064,
          0.9447883197340109,
          0.9448063639390823,
          0.938148289060975,
          0.9447655435694015,
          0.9446731221392787,
          0.9446854578001666,
          1.004926005622763,
          0.9448733153783742,
          1.303209795362941,
          0.9539991598666526,
          0.9625992009458254
        ],
        [
          0.9497226660504676,
          0.9448723583986062,
          0.9473219179939141,
          0.9447909266511393,
          1.0764027242187026,
          0.0,
          0.9452025887901891,
          0.9449890792189173,
          0.9440595961722013,
          0.9601834001406698,
          0.9517083316018221,
          0.946467700626065,
          0.9573123756846554,
          0.955825857842762,
          0.944606984262681,
          0.9738106574850098,
          0.9689816058650921,
          0.9600394221309252,
          0.94473304178024,
          0.9780786947496269,
          0.9436133393287326,
          1.392226810286651,
          0.9448489143046308,
          0.9447881637126226,
          0.9440577923163788,
          0.9447564907243899,
          0.9477735298006718,
          1.2075024078811507,
          0.9440968030116063,
          1.1363004284444864,
          0.945286900218815,
          0.9449877837190189,
          0.9445905757623965,
          0.9450103613561164,
          0.9450291092577677,
          0.9380861164361232,
          0.9449865617616191,
          0.9448903628328092,
          0.9449028088728137,
          1.007709813863945,
          0.945051535619035,
          1.3199863638784153,
          0.9545833100684916,
          0.9635842607623986
        ],
        [
          0.9498141836470911,
          0.9451570988423482,
          0.9475521159958391,
          0.9450706872256236,
          0.9450809664891406,
          0.9452025887901891,
          0.0,
          0.9452648269452821,
          0.944364286810862,
          0.960005291654691,
          0.9517888535415575,
          0.946703330527944,
          0.9571940660295587,
          0.9558379789727107,
          0.9451174467832597,
          0.9736037167546865,
          0.9686996006394031,
          0.9598710711835885,
          0.9447408478923445,
          0.976621388367252,
          0.9441482230460958,
          0.9703272463908515,
          0.9451034990669948,
          0.9450659716977285,
          0.9443644875871952,
          0.944911635946865,
          0.9483090568218389,
          1.1982369542460687,
          1.156854205121684,
          1.517163874280702,
          0.945454432922175,
          0.9452662673722061,
          0.9449582527960271,
          0.9452839920191719,
          0.9453002739195864,
          0.9385460657793345,
          0.9452599964806279,
          0.9451473164750037,
          0.9451826534523248,
          1.0062287629712223,
          0.9453873092316115,
          1.3073438244959836,
          0.9541383217859948,
          0.9629281689492828
        ],
        [
          0.949828072183493,
          0.9449331686561178,
          0.9474072566538253,
          0.9448517537026768,
          0.9447677721966987,
          0.9449890792189173,
          0.9452648269452821,
          0.0,
          0.9441131973085464,
          1.4413146267524222,
          0.9521120785555459,
          0.9465461805298893,
          0.9574904925908465,
          0.9559838403431868,
          0.9446627797753561,
          0.9741440642095125,
          0.9692747151385659,
          0.9626958844665401,
          0.9445059194332072,
          0.9775676876091145,
          0.9436621746444256,
          0.9704558135933502,
          0.9449096989235233,
          0.9448496022707665,
          0.9441116579761197,
          0.9446829603045013,
          0.9478033957122536,
          1.2084198257520806,
          0.9441406106299478,
          1.1358405794098974,
          0.945198807821316,
          0.9450495406090299,
          0.9446463851660569,
          0.9450733764335417,
          0.9450928125174846,
          0.9380818430597636,
          0.9450489958728258,
          0.9449507947249661,
          0.9449636388377093,
          1.0084970360808898,
          0.9451143957909515,
          1.3252445120942211,
          0.9542884674798772,
          0.9634674435520724
        ],
        [
          0.9485028970263448,
          0.9440012675672222,
          0.946897985961862,
          0.9439338238946487,
          0.9438861721072358,
