{
  "generated_by": {
    "program": "augur",
    "version": "21.1.0"
  },
  "models": {
    "clade_membership": {
      "alphabet": [
        "L10",
        "L11",
        "L1A",
        "L1B",
        "L1C-unclade",
        "L1C.1",
        "L1C.2",
        "L1C.3",
        "L1C.4",
        "L1C.5",
        "L1D",
        "L1E",
        "L1F",
        "L1H",
        "L1I",
        "L1J",
        "L2",
        "L3",
        "L4",
        "L5A",
        "L5B",
        "L6",
        "L7",
        "L8A",
        "L8B",
        "L8C",
        "L8D",
        "L8E",
        "L9A",
        "L9B",
        "L9C",
        "L9D",
        "L9E",
        "?"
      ],
      "equilibrium_probabilities": [
        0.03000899489902971,
        0.030350124903143396,
        0.03048035346936992,
        0.030570097863721273,
        0.031175978176770446,
        0.029528241399039416,
        0.030043806659921648,
        0.03031204256985041,
        0.030650123582797537,
        0.029948791499144173,
        0.029845447397403548,
        0.030192130015424687,
        0.030487727836261615,
        0.030750623301944946,
        0.029584281311945584,
        0.030888662544934057,
        0.03031709493373898,
        0.03153562997970396,
        0.03014748935638376,
        0.030018082257284674,
        0.030001704461161665,
        0.03039605470623161,
        0.02993440133052069,
        0.030118777051944167,
        0.03043950683982104,
        0.029974409732115792,
        0.030520227561155563,
        0.03038984244616189,
        0.03066603704390448,
        0.030019177048354564,
        0.030388973537604263,
        0.030306118982131477,
        0.03000904530107903
      ],
      "rate": 1.674687364520984,
      "transition_matrix": [
        [
          0.0,
          1.049931561360623,
          1.0022282250848944,
          1.0022509239240858,
          1.0016385805514116,
          1.0085709992334035,
          1.0110675789726582,
          1.008117011770772,
          1.0106564549762584,
          1.0125358910919682,
          1.0093129257418287,
          1.009997080627663,
          1.001891181909757,
          1.0012907008290552,
          1.0122866242993012,
          0.9973526382636009,
          1.108486533435867,
          0.9914654540355697,
          1.0227622835422665,
          1.122022111783799,
          1.0601158888878692,
          1.076389563328126,
          1.1457771102579501,
          1.01189176161513,
          1.0077791689223945,
          1.0184185554195886,
          1.0060554930084062,
          1.007778997746263,
          1.0672151917543147,
          1.1088282112985268,
          1.0119021196764082,
          1.0186453266416968,
          1.064843213721337
        ],
        [
          1.049931561360623,
          0.0,
          1.0013623665426425,
          0.9965097207196144,
          0.9907608009597632,
          1.0008699751013126,
          1.0004774752057028,
          0.9986441611560718,
          0.9998605604857799,
          1.0019645463042572,
          1.0057907585753578,
          1.1039914271668116,
          0.9968964086873469,
          0.9927486113885918,
          1.035960196718416,
          0.9911652545780577,
          1.2065619018515699,
          1.0570066923309942,
          1.2520920415234837,
          1.0693895996075933,
          1.1443305390479246,
          1.0418994574626983,
          1.0349330319307006,
          0.9999352456629115,
          0.9951120028252685,
          1.0008671767975985,
          0.9941187500805955,
          0.9956228608473903,
          1.0065059357836963,
          1.0231045222526438,
          0.9968464804101694,
          0.9981405739501882,
          1.0116860504220582
        ],
        [
          1.0022282250848944,
          1.0013623665426425,
          0.0,
          1.3755544154484842,
          0.9908604014532435,
          1.0202397421090523,
          1.0005838738955983,
          1.0076408472931033,
          0.999967965622821,
          1.0020766914215564,
          1.0482334713839858,
          1.098466383635873,
          1.0337673931387727,
          1.008215910655504,
          1.2345124790300324,
          1.0220348770573686,
          0.9972541463025395,
          0.9813645000723051,
          1.0125302323173337,
          1.0012212470746016,
          1.0020243290053703,
          0.997101482443674,
          1.0030144582782603,
          0.9996567529973179,
          0.994620980317675,
          0.9988466708088142,
          0.9938505733460854,
          0.9952848309209017,
          0.9908490306175892,
          0.9992114867203923,
          0.9956403036543952,
          0.9952237658353094,
          0.9982720418098923
        ],
        [
          1.0022509239240858,
          0.9965097207196144,
          1.3755544154484842,
          0.0,
          0.9911114397629595,
          1.0092723787794777,
          1.0008690019867652,
          1.002649904060648,
          1.000257771427879,
          1.0023657679693834,
          1.0251632567007156,
          1.0523628726626786,
          1.0133293983977611,
          0.9996176424020728,
          1.1402146638198982,
          1.004722100244574,
          0.9956797235567464,
          0.978816550583884,
          1.0011650565204504,
          1.0010931504971112,
          1.0013213634247384,
          0.9971488028280565,
          1.0031274214264618,
          0.9999379688661914,
          0.9948880133920471,
          0.9991145556350227,
          0.9941170693019472,
          0.995554279764821,
          0.9910200319074929,
          0.999350148495803,
          0.9959064865146788,
          0.9954785032420754,
          0.9984724286541212
        ],
        [
          1.0016385805514116,
          0.9907608009597632,
          0.9908604014532435,
          0.9911114397629595,
          0.0,
          1.9966141231028856,
          1.500795724842539,
          0.9974614151697395,
          2.000583507127677,
          1.5042527670592236,
          0.9985310225999321,
          0.9918373400244084,
          0.9907949990388715,
          0.9902755571020864,
          0.999846047970132,
          0.9861075982548421,
          0.9933845142646083,
          0.9753387280210126,
          0.9880937573727288,
          1.000320773657454,
          1.000001816177038,
          0.9964793187634949,
          1.0026116680980761,
          0.9995231282276278,
          0.9943784932537537,
          0.9986765343190362,
          0.9935942762808762,
          0.9950577679677769,
          0.9903622299923147,
          0.998797292025791,
          0.9954126210638939,
          0.9949686964897967,
          0.9979629210993516
        ],
        [
          1.0085709992334035,
          1.0008699751013126,
          1.0202397421090523,
          1.0092723787794777,
          1.9966141231028856,
          0.0,
          1.0073346074632386,
          1.4551249920707692,
          1.00685498351622,
          1.0087812184028713,
          1.1736303180003629,
          1.0372638167863006,
          1.053132483125225,
          1.0573085510837403,
          1.0885359149607705,
          1.0385113909341888,
          1.0015104147774907,
          0.9847997324006347,
          1.002457170698625,
          1.0073784195823487,
          1.0073467263993925,
          1.0036688567162706,
          1.0094508504800834,
          1.0064389382590144,
          1.0015577549794246,
          1.0056019174476758,
          1.0008188774458235,
          1.002200772432991,
          0.9977775679197721,
          1.0057861003345612,
          1.0025425854808354,
          1.0021044891034836,
          1.004952446330024
        ],
        [
          1.0110675789726582,
          1.0004774752057028,
          1.0005838738955983,
          1.0008690019867652,
          1.500795724842539,
          1.0073346074632386,
          0.0,
          1.006920633265203,
          1.009493206554672,
          1.0113959048765566,
          1.0078274572599908,
          1.0014477831069002,
          1.000479729348449,
          1.0000426340469275,
          1.0091010149753397,
          0.9959964355610366,
          1.0030503182524426,
          0.9856488887362552,
          0.9977906203489053,
          1.0097770751937147,
          1.009455755831804,
          1.00611434192909,
          1.012000112236586,
          1.0090196189649545,
          1.0040610061948367,
          1.008147095883302,
          1.00331390094448,
          1.0047138162493132,
          1.0001807915273042,
          1.0082792668418787,
          1.0050606813055938,
          1.0046017055462102,
          1.007456751647486
        ],
        [
          1.008117011770772,
          0.9986441611560718,
          1.0076408472931033,
          1.002649904060648,
          0.9974614151697395,
          1.4551249920707692,
          1.006920633265203,
          0.0,
          1.006427047548656,
          1.00840398486611,
          1.08474455234845,
          1.0162884536310748,
          1.0227006400198495,
          1.024599449685303,
          1.045031182610395,
          1.013250546315581,
          1.0003951187184734,
          0.9830079704449188,
          0.997868079399422,
          1.0068514219508706,
          1.0066515982708697,
          1.0031007413002426,
          1.0090436947966515,
          1.0060025358452471,
          1.000996380512125,
          1.0051423879377577,
          1.0002389105440201,
          1.0016559785371753,
          0.9970975670891835,
          1.0052952736258678,
          1.0020053374328342,
          1.0015540536199148,
          1.0044584943172385
        ],
        [
          1.0106564549762584,
          0.9998605604857799,
          0.999967965622821,
          1.000257771427879,
          2.000583507127677,
          1.00685498351622,
          1.009493206554672,
          1.006427047548656,
          0.0,
          1.0109932559902908,
          1.0073553215581192,
          1.0008506134489172,
          0.999861705514707,
          0.999414158442179,
          1.008655675819067,
          0.9952904730767959,
          1.00248249393684,
          0.9847457229928631,
          0.9971248201360975,
          1.0093408671768882,
          1.0090136245342995,
          1.0056043920772988,
          1.0116077811513835,
          1.008568138620074,
          1.0035115625546673,
          1.007680043850126,
          1.0027495078900057,
          1.004177271323232,
          0.9995556221926681,
          1.007814330977613,
          1.0045308533153279,
          1.0040637798536596,
          1.0069761038411909
        ],
        [
          1.0125358910919682,
          1.0019645463042572,
          1.0020766914215564,
          1.0023657679693834,
          1.5042527670592236,
          1.0087812184028713,
          1.0113959048765566,
          1.00840398486611,
          1.0109932559902908,
          0.0,
          1.0092888774139432,
          1.0029273212305905,
          1.0019731990045786,
          1.001548196551184,
          1.0105496595436856,
          0.9975093762578903,
          1.0045354320526645,
          0.987192147739912,
          0.9992686425697823,
          1.0112463166925834,
          1.0109238910174205,
          1.0076023269307874,
          1.0134644392550647,
          1.0104931797449106,
          1.0055511001375768,
          1.009614198774844,
          1.0048079482466985,
          1.0062014089451026,
          1.0016824307133287,
          1.0097485707220502,
          1.0065479241754476,
          1.0060853327887997,
          1.0089257471639386
        ],
        [
          1.0093129257418287,
          1.0057907585753578,
          1.0482334713839858,
          1.0251632567007156,
          0.9985310225999321,
          1.1736303180003629,
          1.0078274572599908,
          1.08474455234845,
          1.0073553215581192,
          1.0092888774139432,
          0.0,
          1.079296185836112,
          1.1200054099921284,
          1.3929414387026982,
          1.163072945707706,
          1.0973586733037615,
          1.0035588654966372,
          0.9874702796450744,
          1.0131290796446653,
          1.0082376954661234,
          1.0087030442939715,
          1.0043276767030578,
          1.0101247915415048,
          1.0069258202979754,
          1.001994121685765,
          1.0060839024339001,
          1.001247146165054,
          1.0026430840253495,
          0.998249006203757,
          1.0063853876538562,
          1.0029926400749138,
          1.0025558297595003,
          1.0054849497636515
        ],
        [
          1.009997080627663,
          1.1039914271668116,
          1.098466383635873,
          1.0523628726626786,
          0.9918373400244084,
          1.0372638167863006,
          1.0014477831069002,
          1.0162884536310748,
          1.0008506134489172,
          1.0029273212305905,
          1.079296185836112,
          0.0,
          1.0624068793234855,
          1.0215148502423588,
          1.2804757923715357,
          1.047127815586361,
          1.0384702124550842,
          1.0438102991821105,
          1.223872865540676,
          1.0123922223905972,
          1.0264534059819252,
          1.0041848225147154,
          1.0084952192258263,
          1.0005794945151696,
          0.9956142008438106,
          1.00001437128605,
          0.9948203671732967,
          0.9962514912220376,
          0.9941050289860816,
          1.00368625648702,
          0.9967235046543111,
          0.9965516150871194,
          1.0011382531234796
        ],
        [
          1.001891181909757,
          0.9968964086873469,
          1.0337673931387727,
          1.0133293983977611,
          0.9907949990388715,
          1.053132483125225,
          1.000479729348449,
          1.0227006400198495,
          0.999861705514707,
          1.0019731990045786,
          1.1200054099921284,
          1.0624068793234855,
          0.0,
          1.034491104130458,
          1.1427524420432524,
          1.2892221398343673,
          0.9955613833113848,
          0.9788427374568188,
          1.002661135524072,
          1.0007582736332672,
          1.0010625712649126,
          0.9967938492579651,
          1.0027549104953426,
          0.9995505102786989,
          0.9945117407194183,
          0.9987328535167989,
          0.9937418962129695,
          0.9951765655033796,
          0.9906630952958247,
          0.9989836739080319,
          0.9955282504067072,
          0.9951038667574241,
          0.9981004591879149
        ],
        [
          1.0012907008290552,
          0.9927486113885918,
          1.008215910655504,
          0.9996176424020728,
          0.9902755571020864,
          1.0573085510837403,
          1.0000426340469275,
          1.024599449685303,
          0.999414158442179,
          1.001548196551184,
          1.3929414387026982,
          1.0215148502423588,
          1.034491104130458,
          0.0,
          1.0625608614957265,
          1.0220730723274012,
          0.9938099525767692,
          0.9763421695427322,
          0.9934950801123162,
          1.0000490783654987,
          0.9999666188038925,
          0.9961783222757018,
          1.0022191399860294,
          0.9991043775336685,
          0.9940245611196438,
          0.9982760988274734,
          0.9932490167604603,
          0.9946952346555196,
          0.9900900241488687,
          0.9984428560592765,
          0.9950468335999222,
          0.9946141181712621,
          0.9975958687881356
        ],
        [
          1.0122866242993012,
          1.035960196718416,
          1.2345124790300324,
          1.1402146638198982,
          0.999846047970132,
          1.0885359149607705,
          1.0091010149753397,
          1.045031182610395,
          1.008655675819067,
          1.0105496595436856,
          1.163072945707706,
          1.2804757923715357,
          1.1427524420432524,
          1.0625608614957265,
          0.0,
          1.1190810670603724,
          1.0158003123007049,
          1.005234168243598,
          1.0768306784207509,
          1.0121572150426963,
          1.0160292703408005,
          1.00713936100937,
          1.0125272728550851,
          1.0082206335537474,
          1.0033379042057704,
          1.0074372150125321,
          1.002591111900737,
          1.0039760420341468,
          1.0001768229430184,
          1.0085686614493228,
          1.0043520784484397,
          1.0039744583670047,
          1.0072646308188928
        ],
        [
          0.9973526382636009,
          0.9911652545780577,
          1.0220348770573686,
          1.004722100244574,
          0.9861075982548421,
          1.0385113909341888,
          0.9959964355610366,
          1.013250546315581,
          0.9952904730767959,
          0.9975093762578903,
          1.0973586733037615,
          1.047127815586361,
          1.2892221398343673,
          1.0220730723274012,
          1.1190810670603724,
          0.0,
          0.9905891231675052,
          0.9734356972300385,
          0.9954636833646402,
          0.9961792340434484,
          0.996355601805383,
          0.9921895773607661,
          0.9982513359795336,
          0.9950504551555633,
          0.9899466421670835,
          0.9942469922469583,
          0.9891629899409727,
          0.9906211150351077,
          0.9860319290782339,
          0.9944619228723122,
          0.9909739538518555,
          0.9905566714089339,
          0.9935917447959102
        ],
        [
          1.108486533435867,
          1.2065619018515699,
          0.9972541463025395,
          0.9956797235567464,
          0.9933845142646083,
          1.0015104147774907,
          1.0030503182524426,
          1.0003951187184734,
          1.00248249393684,
          1.0045354320526645,
          1.0035588654966372,
          1.0384702124550842,
          0.9955613833113848,
          0.9938099525767692,
          1.0158003123007049,
          0.9905891231675052,
          0.0,
          1.008782089876524,
          1.109687402005942,
          1.1502116930741637,
          1.253674135567048,
          1.0989716531976927,
          1.0749353792915919,
          1.0030074207055146,
          0.998428760708539,
          1.0059994501324634,
          0.997163918986247,
          0.9987547121883765,
          1.026926578582599,
          1.0524511521950481,
          1.001039070715139,
          1.0043093917180381,
          1.0295375716364685
        ],
        [
          0.9914654540355697,
          1.0570066923309942,
          0.9813645000723051,
          0.978816550583884,
          0.9753387280210126,
          0.9847997324006347,
          0.9856488887362552,
          0.9830079704449188,
          0.9847457229928631,
          0.987192147739912,
          0.9874702796450744,
          1.0438102991821105,
          0.9788427374568188,
          0.9763421695427322,
          1.005234168243598,
          0.9734356972300385,
          1.008782089876524,
          0.0,
          1.340022309684392,
          0.9926096768159537,
          1.0019940655311448,
          0.9856307916005269,
          0.9909143014160983,
          0.9847046061156808,
          0.9795162545395061,
          0.9840987991764826,
          0.9786883960833446,
          0.9801933941609224,
          0.9769682131349879,
          0.9864597358038666,
          0.9806219951692507,
          0.9803845425608052,
          0.9845288459042411
        ],
        [
          1.0227622835422665,
          1.2520920415234837,
          1.0125302323173337,
          1.0011650565204504,
          0.9880937573727288,
          1.002457170698625,
          0.9977906203489053,
          0.997868079399422,
          0.9971248201360975,
          0.9992686425697823,
          1.0131290796446653,
          1.223872865540676,
          1.002661135524072,
          0.9934950801123162,
          1.0768306784207509,
          0.9954636833646402,
          1.109687402005942,
          1.340022309684392,
          0.0,
          1.0329228479330617,
          1.0728332286636137,
          1.0159248598834352,
          1.0158397642706591,
          0.9970471478009966,
          0.9921527897208501,
          0.9970999982287913,
          0.9912794436907939,
          0.9927390694873375,
          0.9959034045396102,
          1.0083740337686562,
          0.9935041577055492,
          0.9939335865375868,
          1.0021817280871634
        ],
        [
          1.122022111783799,
          1.0693895996075933,
          1.0012212470746016,
          1.0010931504971112,
          1.000320773657454,
          1.0073784195823487,
          1.0097770751937147,
          1.0068514219508706,
          1.0093408671768882,
          1.0112463166925834,
          1.0082376954661234,
          1.0123922223905972,
          1.0007582736332672,
          1.0000490783654987,
          1.0121572150426963,
          0.9961792340434484,
          1.1502116930741637,
          0.9926096768159537,
          1.0329228479330617,
          0.0,
          1.0819044939080882,
          1.2807662001931717,
          1.0866361338185795,
          1.0097801527625176,
          1.005276087170545,
          1.0130007726104169,
          1.0040003423495514,
          1.005576255654206,
          1.0365887417389885,
          1.0644542556517835,
          1.0079463794103567,
          1.0114608053200687,
          1.0390280752542012
        ],
        [
          1.0601158888878692,
          1.1443305390479246,
          1.0020243290053703,
          1.0013213634247384,
          1.000001816177038,
          1.0073467263993925,
          1.009455755831804,
          1.0066515982708697,
          1.0090136245342995,
          1.0109238910174205,
          1.0087030442939715,
          1.0264534059819252,
          1.0010625712649126,
          0.9999666188038925,
          1.0160292703408005,
          0.996355601805383,
          1.253674135567048,
          1.0019940655311448,
          1.0728332286636137,
          1.0819044939080882,
          0.0,
          1.0510246131260295,
          1.0447719716058526,
          1.0089351642833513,
          1.0041758608615345,
          1.0098460763535646,
          1.0031987851139224,
          1.0046750432165334,
          1.0161710073380155,
          1.0331554280621187,
          1.0059082828930246,
          1.0072143448955613,
          1.0211165056935352
        ],
        [
          1.076389563328126,
          1.0418994574626983,
          0.997101482443674,
          0.9971488028280565,
          0.9964793187634949,
          1.0036688567162706,
          1.00611434192909,
          1.0031007413002426,
          1.0056043920772988,
          1.0076023269307874,
          1.0043276767030578,
          1.0041848225147154,
          0.9967938492579651,
          0.9961783222757018,
          1.00713936100937,
          0.9921895773607661,
          1.0989716531976927,
          0.9856307916005269,
          1.0159248598834352,
          1.2807662001931717,
          1.0510246131260295,
          0.0,
          1.0549013939400054,
          1.0057082974665903,
          1.0009565418007806,
          1.0073262058214145,
          0.9998793968088951,
          1.0014069993666797,
          1.019765844821814,
          1.0409566867670654,
          1.002977584517436,
          1.0050080299287145,
          1.0238240309729256
        ],
        [
          1.1457771102579501,
          1.0349330319307006,
          1.0030144582782603,
          1.0031274214264618,
          1.0026116680980761,
          1.0094508504800834,
          1.012000112236586,
          1.0090436947966515,
          1.0116077811513835,
          1.0134644392550647,
          1.0101247915415048,
          1.0084952192258263,
          1.0027549104953426,
          1.0022191399860294,
          1.0125272728550851,
          0.9982513359795336,
          1.0749353792915919,
          0.9909143014160983,
          1.0158397642706591,
          1.0866361338185795,
          1.0447719716058526,
          1.0549013939400054,
          0.0,
          1.014436951300753,
          1.0110212797882399,
          1.0265125353623592,
          1.008521264489013,
          1.0105013335874509,
          1.110219965223483,
          1.1695947708148038,
          1.0176425404171607,
          1.029403491349825,
          1.1015682101556954
        ],
        [
          1.01189176161513,
          0.9999352456629115,
          0.9996567529973179,
          0.9999379688661914,
          0.9995231282276278,
          1.0064389382590144,
          1.0090196189649545,
          1.0060025358452471,
          1.008568138620074,
          1.0104931797449106,
          1.0069258202979754,
          1.0005794945151696,
          0.9995505102786989,
          0.9991043775336685,
          1.0082206335537474,
          0.9950504551555633,
          1.0030074207055146,
          0.9847046061156808,
          0.9970471478009966,
          1.0097801527625176,
          1.0089351642833513,
          1.0057082974665903,
          1.014436951300753,
          0.0,
          1.2482061338312158,
          1.180546028105524,
          1.088608091982233,
          1.1022722616110012,
          1.0167701672768739,
          1.0230174848003828,
          1.0240447640429684,
          1.0456014670537794,
          1.0473375166656522
        ],
        [
          1.0077791689223945,
          0.9951120028252685,
          0.994620980317675,
          0.9948880133920471,
          0.9943784932537537,
          1.0015577549794246,
          1.0040610061948367,
          1.000996380512125,
          1.0035115625546673,
          1.0055511001375768,
          1.001994121685765,
          0.9956142008438106,
          0.9945117407194183,
          0.9940245611196438,
          1.0033379042057704,
          0.9899466421670835,
          0.998428760708539,
          0.9795162545395061,
          0.9921527897208501,
          1.005276087170545,
          1.0041758608615345,
          1.0009565418007806,
          1.0110212797882399,
          1.2482061338312158,
          0.0,
          1.215067659088002,
          1.1154303036569015,
          1.1310284548398744,
          1.0180381542305965,
          1.0237378399046149,
          1.026788888017533,
          1.0545547663532826,
          1.0554306896009047
        ],
        [
          1.0184185554195886,
          1.0008671767975985,
          0.9988466708088142,
          0.9991145556350227,
          0.9986765343190362,
          1.0056019174476758,
          1.008147095883302,
          1.0051423879377577,
          1.007680043850126,
          1.009614198774844,
          1.0060839024339001,
          1.00001437128605,
          0.9987328535167989,
          0.9982760988274734,
          1.0074372150125321,
          0.9942469922469583,
          1.0059994501324634,
          0.9840987991764826,
          0.9970999982287913,
          1.0130007726104169,
          1.0098460763535646,
          1.0073262058214145,
          1.0265125353623592,
          1.180546028105524,
          1.215067659088002,
          0.0,
          1.1704997654263947,
          1.1876413994973445,
          1.0642161595342088,
          1.065597721211774,
          1.0830328848132529,
          1.1484586245581945,
          1.1427253750397766
        ],
        [
          1.0060554930084062,
          0.9941187500805955,
          0.9938505733460854,
          0.9941170693019472,
          0.9935942762808762,
          1.0008188774458235,
          1.00331390094448,
          1.0002389105440201,
          1.0027495078900057,
          1.0048079482466985,
          1.001247146165054,
          0.9948203671732967,
          0.9937418962129695,
          0.9932490167604603,
          1.002591111900737,
          0.9891629899409727,
          0.997163918986247,
          0.9786883960833446,
          0.9912794436907939,
          1.0040003423495514,
          1.0031987851139224,
          0.9998793968088951,
          1.008521264489013,
          1.088608091982233,
          1.1154303036569015,
          1.1704997654263947,
          0.0,
          1.2311058668442632,
          1.0101094666452852,
          1.0165731932546602,
          1.017252057189045,
          1.0381166331788858,
          1.040046833906604
        ],
        [
          1.007778997746263,
          0.9956228608473903,
          0.9952848309209017,
          0.995554279764821,
          0.9950577679677769,
          1.002200772432991,
          1.0047138162493132,
          1.0016559785371753,
          1.004177271323232,
          1.0062014089451026,
          1.0026430840253495,
          0.9962514912220376,
          0.9951765655033796,
          0.9946952346555196,
          1.0039760420341468,
          0.9906211150351077,
          0.9987547121883765,
          0.9801933941609224,
          0.9927390694873375,
          1.005576255654206,
          1.0046750432165334,
          1.0014069993666797,
          1.0105013335874509,
          1.1022722616110012,
          1.1310284548398744,
          1.1876413994973445,
          1.2311058668442632,
          0.0,
          1.0139890963023694,
          1.020158753983075,
          1.0216376142751407,
          1.044909194358309,
          1.0464865206941587
        ],
        [
          1.0672151917543147,
          1.0065059357836963,
          0.9908490306175892,
          0.9910200319074929,
          0.9903622299923147,
          0.9977775679197721,
          1.0001807915273042,
          0.9970975670891835,
          0.9995556221926681,
          1.0016824307133287,
          0.998249006203757,
          0.9941050289860816,
          0.9906630952958247,
          0.9900900241488687,
          1.0001768229430184,
          0.9860319290782339,
          1.026926578582599,
          0.9769682131349879,
          0.9959034045396102,
          1.0365887417389885,
          1.0161710073380155,
          1.019765844821814,
          1.110219965223483,
          1.0167701672768739,
          1.0180381542305965,
          1.0642161595342088,
          1.0101094666452852,
          1.0139890963023694,
          0.0,
          1.2644303144415039,
          1.0424079531797388,
          1.0811120016468523,
          1.2452531690120083
        ],
        [
          1.1088282112985268,
          1.0231045222526438,
          0.9992114867203923,
          0.999350148495803,
          0.998797292025791,
          1.0057861003345612,
          1.0082792668418787,
          1.0052952736258678,
          1.007814330977613,
          1.0097485707220502,
          1.0063853876538562,
          1.00368625648702,
          0.9989836739080319,
          0.9984428560592765,
          1.0085686614493228,
          0.9944619228723122,
          1.0524511521950481,
          0.9864597358038666,
          1.0083740337686562,
          1.0644542556517835,
          1.0331554280621187,
          1.0409566867670654,
          1.1695947708148038,
          1.0230174848003828,
          1.0237378399046149,
          1.065597721211774,
          1.0165731932546602,
          1.020158753983075,
          1.2644303144415039,
          0.0,
          1.0456079681187642,
          1.080623493370868,
          1.2332902573253808
        ],
        [
          1.0119021196764082,
          0.9968464804101694,
          0.9956403036543952,
          0.9959064865146788,
          0.9954126210638939,
          1.0025425854808354,
          1.0050606813055938,
          1.0020053374328342,
          1.0045308533153279,
          1.0065479241754476,
          1.0029926400749138,
          0.9967235046543111,
          0.9955282504067072,
          0.9950468335999222,
          1.0043520784484397,
          0.9909739538518555,
          1.001039070715139,
          0.9806219951692507,
          0.9935041577055492,
          1.0079463794103567,
          1.0059082828930246,
          1.002977584517436,
          1.0176425404171607,
          1.0240447640429684,
          1.026788888017533,
          1.0830328848132529,
          1.017252057189045,
          1.0216376142751407,
          1.0424079531797388,
          1.0456079681187642,
          0.0,
          1.3467785970774449,
          1.1044727684065292
        ],
        [
          1.0186453266416968,
          0.9981405739501882,
          0.9952237658353094,
          0.9954785032420754,
          0.9949686964897967,
          1.0021044891034836,
          1.0046017055462102,
          1.0015540536199148,
          1.0040637798536596,
          1.0060853327887997,
          1.0025558297595003,
          0.9965516150871194,
          0.9951038667574241,
          0.9946141181712621,
          1.0039744583670047,
          0.9905566714089339,
          1.0043093917180381,
          0.9803845425608052,
          0.9939335865375868,
          1.0114608053200687,
          1.0072143448955613,
          1.0050080299287145,
          1.029403491349825,
          1.0456014670537794,
          1.0545547663532826,
          1.1484586245581945,
          1.0381166331788858,
          1.044909194358309,
          1.0811120016468523,
          1.080623493370868,
          1.3467785970774449,
          0.0,
          1.1769111814591093
        ],
        [
          1.064843213721337,
          1.0116860504220582,
          0.9982720418098923,
          0.9984724286541212,
          0.9979629210993516,
          1.004952446330024,
          1.007456751647486,
          1.0044584943172385,
          1.0069761038411909,
          1.0089257471639386,
          1.0054849497636515,
          1.0011382531234796,
          0.9981004591879149,
          0.9975958687881356,
          1.0072646308188928,
          0.9935917447959102,
          1.0295375716364685,
          0.9845288459042411,
          1.0021817280871634,
          1.0390280752542012,
          1.0211165056935352,
          1.0238240309729256,
          1.1015682101556954,
          1.0473375166656522,
          1.0554306896009047,
          1.1427253750397766,
          1.040046833906604,
          1.0464865206941587,
          1.2452531690120083,
          1.2332902573253808,
          1.1044727684065292,
          1.1769111814591093,
          0.0
        ]
      ]
    },
    "country": {
      "alphabet": [
        "",
        "Canada",
        "China",
        "Hong_Kong",
        "India",
        "Japan",
        "Mexico",
        "South_Korea",
        "Taiwan",
        "Thailand",
        "USA",
        "Vietnam",
        "?"
      ],
      "equilibrium_probabilities": [
        0.06609888140697219,
        0.07614174100196763,
        0.08214231488131783,
        0.09033704800409703,
        0.09052085440929356,
        0.07544494835744878,
        0.05696320520675001,
        0.07475409726812415,
        0.08404939615655602,
        0.08727768337398335,
        0.11518688797270386,
        0.1010829419607856
      ],
      "rate": 1.412302709221471,
      "transition_matrix": [
        [
          0.0,
          1.0221640303418595,
          1.4060446816959413,
          1.0217924675997412,
          1.0224341814188602,
          0.9880663303018467,
          1.0172010078462894,
          0.9566884967578738,
          0.9968334857817625,
          1.0162282151486364,
          1.865113532932792,
          1.0223381498467226
        ],
        [
          1.0221640303418595,
          0.0,
          0.9599426413548172,
          1.021317928591034,
          1.022176772426729,
          0.9827084945364019,
          0.9903278923175433,
          0.9471941439533341,
          0.9925647777947066,
          1.0149641295946685,
          1.0029018132253555,
          1.0219919743093497
        ],
        [
          1.4060446816959413,
          0.9599426413548172,
          0.0,
          1.2656445227252298,
          1.3229030527157892,
          0.9246487492724544,
          0.9978604539766304,
          0.8898316310478378,
          1.3298754263344603,
          1.824291705109866,
          1.4375701261389016,
          2.179844075508806
        ],
        [
          1.0217924675997412,
          1.021317928591034,
          1.2656445227252298,
          0.0,
          1.0217262321113398,
          0.9756748611922588,
          0.9842043261070763,
          0.9339573094790384,
          1.2127855042121205,
          1.0133489178991093,
          0.6277612002980175,
          1.0217728587110042
        ],
        [
          1.0224341814188602,
          1.022176772426729,
          1.3229030527157892,
          1.0217262321113398,
          0.0,
          0.9758516201715036,
          0.9847133219848481,
          0.9345243952184452,
          0.9876114384609944,
          1.0142216620613227,
          0.6274086268980598,
          1.1576664867303934
        ],
        [
          0.9880663303018467,
          0.9827084945364019,
          0.9246487492724544,
          0.9756748611922588,
          0.9758516201715036,
          0.0,
          0.9629665202785238,
          0.9181485154417347,
          1.1768765865654403,
          0.9709481809837339,
          1.2767449247767975,
          0.9705524359253802
        ],
        [
          1.0172010078462894,
          0.9903278923175433,
          0.9978604539766304,
          0.9842043261070763,
          0.9847133219848481,
          0.9629665202785238,
          0.0,
          0.9373191585063863,
          0.9666969107740776,
          0.9810509025734805,
          3.1694990879731284,
          0.9804033732838324
        ],
        [
          0.9566884967578738,
          0.9471941439533341,
          0.8898316310478378,
          0.9339573094790384,
          0.9345243952184452,
          0.9181485154417347,
          0.9373191585063863,
          0.0,
          0.9168129651514619,
          0.9314526848419238,
          1.5613916234888254,
          0.9251161546691655
        ],
        [
          0.9968334857817625,
          0.9925647777947066,
          1.3298754263344603,
          1.2127855042121205,
          0.9876114384609944,
          1.1768765865654403,
          0.9666969107740776,
          0.9168129651514619,
          0.0,
          0.9815623745848516,
          0.8096118913301259,
          0.9838741819288391
        ],
        [
          1.0162282151486364,
          1.0149641295946685,
          1.824291705109866,
          1.0133489178991093,
          1.0142216620613227,
          0.9709481809837339,
          0.9810509025734805,
          0.9314526848419238,
          0.9815623745848516,
          0.0,
          0.9482094251815022,
          1.2358469466977762
        ],
        [
          1.865113532932792,
          1.0029018132253555,
          1.4375701261389016,
          0.6277612002980175,
          0.6274086268980598,
          1.2767449247767975,
          3.1694990879731284,
          1.5613916234888254,
          0.8096118913301259,
          0.9482094251815022,
          0.0,
          0.6003372036773104
        ],
        [
          1.0223381498467226,
          1.0219919743093497,
          2.179844075508806,
          1.0217728587110042,
          1.1576664867303934,
          0.9705524359253802,
          0.9804033732838324,
          0.9251161546691655,
          0.9838741819288391,
          1.2358469466977762,
          0.6003372036773104,
          0.0
        ]
      ]
    },
    "rflp": {
      "alphabet": [
        "1-1-2",
        "1-1-3",
        "1-1-4",
        "1-10-1",
        "1-10-2",
        "1-10-3",
        "1-10-4",
        "1-115-4",
        "1-12-1",
        "1-12-2",
        "1-12-4",
        "1-13-2",
        "1-153-4",
        "1-16-2",
        "1-16-3",
        "1-16-4",
        "1-17-4",
        "1-18-1",
        "1-18-2",
        "1-18-4",
        "1-19-2",
        "1-19-4",
        "1-19-6",
        "1-2-1",
        "1-2-2",
        "1-2-3",
        "1-2-4",
