{
  "generated_by": {
    "program": "augur",
    "version": "21.1.0"
  },
  "models": {
    "clade_membership": {
      "alphabet": [
        "L10",
        "L1A",
        "L1B",
        "L1C-unclade",
        "L1C.1",
        "L1C.4",
        "L1D",
        "L1E",
        "L1F",
        "L1I",
        "L2",
        "L3",
        "L4",
        "L5A",
        "L5B",
        "L6",
        "L7",
        "L8A",
        "L8B",
        "L8C",
        "L8D",
        "L8E",
        "L9A",
        "L9B",
        "L9C",
        "L9D",
        "L9E",
        "?"
      ],
      "equilibrium_probabilities": [
        0.03689025946234413,
        0.03660467703356004,
        0.03729793346498323,
        0.03868200875404178,
        0.037008736351883495,
        0.03499577143213064,
        0.036631930506204655,
        0.036523431266583466,
        0.03675739318688626,
        0.035282646714871906,
        0.03689845558420819,
        0.039655901781592624,
        0.03722016494878352,
        0.03692189939392852,
        0.03664010369405696,
        0.03723522602078832,
        0.036899714197015675,
        0.03723685179325564,
        0.03710092025347265,
        0.03673226393261874,
        0.038110742354510535,
        0.03784819895330473,
        0.037109698716632174,
        0.037222191842469055,
        0.03745823776399785,
        0.036190020801734606,
        0.03684461979414056
      ],
      "rate": 3.417228206236264,
      "transition_matrix": [
        [
          0.0,
          0.9989666231550598,
          0.9815296055514713,
          1.013974913118022,
          0.9864887615020556,
          0.9692066172310337,
          0.9888113955464104,
          0.9952152002924858,
          1.0226419833868827,
          1.0173187842277878,
          1.0601631340796585,
          0.9804794741775662,
          1.0957217083197137,
          0.9760549733525758,
          1.0552144534779513,
          0.9814871132322037,
          0.976202357007327,
          0.9991468797370924,
          1.023287841738917,
          1.0397601654684057,
          0.9901529093684236,
          0.9978618485065232,
          0.9950102703583777,
          0.9738283602460269,
          1.011452400984044,
          1.1487692903683255,
          1.0350232638601804
        ],
        [
          0.9989666231550598,
          0.0,
          1.483203966012666,
          1.1083243109700138,
          1.018259511967677,
          1.0006682675824687,
          1.0708920962792858,
          1.0852317923403565,
          1.137491521013909,
          1.389464026290953,
          1.0198945029377928,
          0.9851110231913449,
          1.0653593469870177,
          1.0034442923891975,
          1.0128171884488055,
          1.0089875680410068,
          1.000839311815369,
          1.0031525423583925,
          1.0180651391645035,
          1.0109909526695489,
          0.9866795409124164,
          0.9886250916485942,
          1.0254688673646322,
          1.0003126857170148,
          1.0033358324067445,
          1.0069310800734035,
          1.0096761125185552
        ],
        [
          0.9815296055514713,
          1.483203966012666,
          0.0,
          1.0581014741450203,
          1.0016266483830705,
          0.9838855967523641,
          1.0260875622154235,
          1.0335592317556177,
          1.0774669640261019,
          1.2196406676475253,
          1.0007387751383534,
          0.9615396580766151,
          1.014748762151964,
          0.9873755814702336,
          0.9937701644353543,
          0.9927230877558657,
          0.9848097794615223,
          0.9867800588673374,
          1.0014713012253686,
          0.9944394772106027,
          0.9700988974271716,
          0.9720763896066972,
          1.009091238316292,
          0.984156268967357,
          0.9867682281118657,
          0.9895286085802139,
          0.993094960051953
        ],
        [
          1.013974913118022,
          1.1083243109700138,
          1.0581014741450203,
          0.0,
          1.6821398495431785,
          2.721759602944653,
          1.261504530686082,
          1.0777514382223663,
          1.272081708598248,
          1.3223370528394482,
          1.0353897264861207,
          0.9950595409296749,
          1.0598591619775388,
          1.0202863708212688,
          1.0274901299688142,
          1.0264339587363822,
          1.0173927644639846,
          1.019895433674878,
          1.0360525369435252,
          1.027992753642799,
          1.0021968925651559,
          1.0041722297259883,
          1.0443881485770443,
          1.0169557087879728,
          1.0200885616128268,
          1.0223948808085843,
          1.0265948910925349
        ],
        [
          0.9864887615020556,
          1.018259511967677,
          1.0016266483830705,
          1.6821398495431785,
          0.0,
          1.0081192719784413,
          1.0106924632991139,
          1.0078052797128807,
          1.0447398030390795,
          1.027496310385121,
          1.0046573918569928,
          0.9625036490379096,
          0.9889213107136781,
          0.9934534434897649,
          0.9975186543450651,
          0.9988723975062587,
          0.9908524772267627,
          0.9927799999079906,
          1.0074467145837795,
          1.000169881847451,
          0.9761236599329386,
          0.9780290444319384,
          1.01528912454924,
          0.9902631974875503,
          0.9927372685973287,
          0.9943337156358357,
          0.9988278703047033
        ],
        [
          0.9692066172310337,
          1.0006682675824687,
          0.9838855967523641,
          2.721759602944653,
          1.0081192719784413,
          0.0,
          0.9984378040132305,
          0.9903340307763259,
          1.029106166474788,
          1.0175909041985722,
          0.9858580196097253,
          0.9463418706844233,
          0.9730546991592902,
          0.9754888355179466,
          0.9794509382502586,
          0.9803235299344117,
          0.9731420292200756,
          0.9747652894090516,
          0.9882083437618959,
          0.9817318734038155,
          0.9591757725227955,
          0.9610287374998211,
          0.9953680509731938,
          0.9724726416779075,
          0.9746374306217445,
          0.9766481973355408,
          0.9804656353764392
        ],
        [
          0.9888113955464104,
          1.0708920962792858,
          1.0260875622154235,
          1.261504530686082,
          1.0106924632991139,
          0.9984378040132305,
          0.0,
          1.0425244000316116,
          1.2089365722356342,
          1.2721886189480012,
          1.0079108503107002,
          0.9694016779510348,
          1.0265554627834896,
          0.9946998896493733,
          1.0009297567063569,
          1.0000903305118725,
          0.9921282573479412,
          0.9941530423527254,
          1.008784654633409,
          1.0016971008727074,
          0.9776597094174186,
          0.9795854392739527,
          1.016380614537623,
          0.991539527183435,
          0.9941794173522834,
          0.9967075927854502,
          1.0003779986455748
        ],
        [
          0.9952152002924858,
          1.0852317923403565,
          1.0335592317556177,
          1.0777514382223663,
          1.0078052797128807,
          0.9903340307763259,
          1.0425244000316116,
          0.0,
          1.103355814407167,
          1.3146535639231023,
          1.0216432608885755,
          1.0032036096668573,
          1.2100088743351447,
          0.9936346159909105,
          1.0152229253557652,
          0.998997214909574,
          0.9911848832361163,
          0.9939950126911841,
          1.0089874488079686,
          1.002995768412764,
          0.9779067479981417,
          0.9800874607446636,
          1.0151171106494035,
          0.9905233393683271,
          0.9945024968883326,
          1.0036853215646517,
          1.0017088048541334
        ],
        [
          1.0226419833868827,
          1.137491521013909,
          1.0774669640261019,
          1.272081708598248,
          1.0447398030390795,
          1.029106166474788,
          1.2089365722356342,
          1.103355814407167,
          0.0,
          1.4073112209649645,
          1.0440861067965987,
          1.0082042679042151,
          1.0871198899650343,
          1.0278741800674922,
          1.0364731119595696,
          1.0338758754313675,
          1.0250832559881413,
          1.0276871735630875,
          1.0432576622593768,
          1.035525081214444,
          1.0108996876633036,
          1.0127663314226194,
          1.0510950384328328,
          1.0247458897173802,
          1.0279944644508396,
          1.0307166718402785,
          1.034220320205617
        ],
        [
          1.0173187842277878,
          1.389464026290953,
          1.2196406676475253,
          1.3223370528394482,
          1.027496310385121,
          1.0175909041985722,
          1.2721886189480012,
          1.3146535639231023,
          1.4073112209649645,
          0.0,
          1.0478316772387077,
          1.038271651719765,
          1.294816068513037,
          1.0108445971704865,
          1.0414458451728374,
          1.01633107446078,
          1.0084251179872437,
          1.0119746413980055,
          1.027209741361329,
          1.021785967143964,
          0.9965351857209542,
          0.9987813175294774,
          1.0322770268606765,
          1.0078684697097988,
          1.0129692256935174,
          1.0265065709369334,
          1.0206392801978315
        ],
        [
          1.0601631340796585,
          1.0198945029377928,
          1.0007387751383534,
          1.0353897264861207,
          1.0046573918569928,
          0.9858580196097253,
          1.0079108503107002,
          1.0216432608885755,
          1.0440861067965987,
          1.0478316772387077,
          0.0,
          1.0372508432577092,
          1.2416888841798828,
          0.9920266415020008,
          1.164436323692863,
          0.9974429526485973,
          0.9904892618050434,
          1.0006935216960806,
          1.0197917136790717,
          1.023167197930289,
          0.9874649097843131,
          0.9920206990730002,
          1.012925472313846,
          0.9890997702392877,
          1.0057194771768259,
          1.0756031460920044,
          1.02189686111438
        ],
        [
          0.9804794741775662,
          0.9851110231913449,
          0.9615396580766151,
          0.9950595409296749,
          0.9625036490379096,
          0.9463418706844233,
          0.9694016779510348,
          1.0032036096668573,
          1.0082042679042151,
          1.038271651719765,
          1.0372508432577092,
          0.0,
          1.3380154006755993,
          0.9493025990970484,
          1.0316194774034955,
          0.9543178553195744,
          0.9473403398650395,
          0.9529417897160423,
          0.9696986964494971,
          0.9681217400807368,
          0.9372796115526878,
          0.9407244814175143,
          0.9702576482458126,
          0.9459934938174986,
          0.9551890615300546,
          0.989579284998771,
          0.9665525844840845
        ],
        [
          1.0957217083197137,
          1.0653593469870177,
          1.014748762151964,
          1.0598591619775388,
          0.9889213107136781,
          0.9730546991592902,
          1.0265554627834896,
          1.2100088743351447,
          1.0871198899650343,
          1.294816068513037,
          1.2416888841798828,
          1.3380154006755993,
          0.0,
          0.9771641722995245,
          1.2311277694281275,
          0.9823380748596683,
          0.9762564320131529,
          0.9924481393904976,
          1.0138725394887753,
          1.0234932869493956,
          0.9811629665501425,
          0.9872254263715635,
          0.996724703046833,
          0.9742780661261297,
          1.0015484017929541,
          1.1045769741964429,
          1.021045216176746
        ],
        [
          0.9760549733525758,
          1.0034442923891975,
          0.9873755814702336,
          1.0202863708212688,
          0.9934534434897649,
          0.9754888355179466,
          0.9946998896493733,
          0.9936346159909105,
          1.0278741800674922,
          1.0108445971704865,
          0.9920266415020008,
          0.9493025990970484,
          0.9771641722995245,
          0.0,
          0.9851579657043612,
          1.2148785171053602,
          1.012551487382501,
          0.9805904767448268,
          0.995676842832513,
          0.9902320444589852,
          0.964400508378257,
          0.9666844680122272,
          1.004432020400083,
          1.0032347468411773,
          0.9854243306332978,
          1.354745828510484,
          1.00324263763941
        ],
        [
          1.0552144534779513,
          1.0128171884488055,
          0.9937701644353543,
          1.0274901299688142,
          0.9975186543450651,
          0.9794509382502586,
          1.0009297567063569,
          1.0152229253557652,
          1.0364731119595696,
          1.0414458451728374,
          1.164436323692863,
          1.0316194774034955,
          1.2311277694281275,
          0.9851579657043612,
          0.0,
          0.9904556280527774,
          0.9837362143009405,
          0.9941851405848433,
          1.0130616798063732,
          1.0167561632779665,
          0.9811750347967184,
          0.9857609292474322,
          1.0055956620723723,
          0.9823070160747097,
          0.9993273044926465,
          1.0684678599945499,
          1.0151848946566004
        ],
        [
          0.9814871132322037,
          1.0089875680410068,
          0.9927230877558657,
          1.0264339587363822,
          0.9988723975062587,
          0.9803235299344117,
          1.0000903305118725,
          0.998997214909574,
          1.0338758754313675,
          1.01633107446078,
          0.9974429526485973,
          0.9543178553195744,
          0.9823380748596683,
          1.2148785171053602,
          0.9904556280527774,
          0.0,
          1.0225395211354589,
          0.9859453296245797,
          1.0012672777560514,
          0.9958177858410013,
          0.9696872655286437,
          0.9720300420010763,
          1.0095284748021163,
          1.0107365392544605,
          0.9913086575977447,
          1.3674156353941915,
          1.0117827974313218
        ],
        [
          0.976202357007327,
          1.000839311815369,
          0.9848097794615223,
          1.0173927644639846,
          0.9908524772267627,
          0.9731420292200756,
          0.9921282573479412,
          0.9911848832361163,
          1.0250832559881413,
          1.0084251179872437,
          0.9904892618050434,
          0.9473403398650395,
          0.9762564320131529,
          1.012551487382501,
          0.9837362143009405,
          1.0225395211354589,
          0.0,
          0.9793294483856149,
          0.9946575706984875,
          0.9902223405435048,
          0.9635439842556138,
          0.9660832427730308,
          1.0018882801624451,
          1.0962763428590252,
          0.9878765194529048,
          1.4028588055388267,
          1.012291706570115
        ],
        [
          0.9991468797370924,
          1.0031525423583925,
          0.9867800588673374,
          1.019895433674878,
          0.9927799999079906,
          0.9747652894090516,
          0.9941530423527254,
          0.9939950126911841,
          1.0276871735630875,
          1.0119746413980055,
          1.0006935216960806,
          0.9529417897160423,
          0.9924481393904976,
          0.9805904767448268,
          0.9941851405848433,
          0.9859453296245797,
          0.9793294483856149,
          0.0,
          1.227857102061892,
          1.1928137199815687,
          1.0533422679326925,
          1.0691223447240514,
          1.0009791853758248,
          0.9777963754116009,
          0.997749160858548,
          1.071125016184757,
          1.0133751511673301
        ],
        [
          1.023287841738917,
          1.0180651391645035,
          1.0014713012253686,
          1.0360525369435252,
          1.0074467145837795,
          0.9882083437618959,
          1.008784654633409,
          1.0089874488079686,
          1.0432576622593768,
          1.027209741361329,
          1.0197917136790717,
          0.9696986964494971,
          1.0138725394887753,
          0.995676842832513,
          1.0130616798063732,
          1.0012672777560514,
          0.9946575706984875,
          1.227857102061892,
          0.0,
          1.2567078386715498,
          1.094121817437844,
          1.112043983794122,
          1.0160434429693666,
          0.9929766026417655,
          1.0198647884933638,
          1.1095590120415697,
          1.0367292001985133
        ],
        [
          1.0397601654684057,
          1.0109909526695489,
          0.9944394772106027,
          1.027992753642799,
          1.000169881847451,
          0.9817318734038155,
          1.0016971008727074,
          1.002995768412764,
          1.035525081214444,
          1.021785967143964,
          1.023167197930289,
          0.9681217400807368,
          1.0234932869493956,
          0.9902320444589852,
          1.0167561632779665,
          0.9958177858410013,
          0.9902223405435048,
          1.1928137199815687,
          1.2567078386715498,
          0.0,
          1.1494745893900749,
          1.1729526585542824,
          1.0089880600168524,
          0.9879601233882017,
          1.030354180449141,
          1.1572667330823279,
          1.049624645635579
        ],
        [
          0.9901529093684236,
          0.9866795409124164,
          0.9700988974271716,
          1.0021968925651559,
          0.9761236599329386,
          0.9591757725227955,
          0.9776597094174186,
          0.9779067479981417,
          1.0108996876633036,
          0.9965351857209542,
          0.9874649097843131,
          0.9372796115526878,
          0.9811629665501425,
          0.964400508378257,
          0.9811750347967184,
          0.9696872655286437,
          0.9635439842556138,
          1.0533422679326925,
          1.094121817437844,
          1.1494745893900749,
          0.0,
          1.181583411131659,
          0.9843119131864679,
          0.961729067898774,
          0.9864917773805316,
          1.0684361634818011,
          1.0025945744362081
        ],
        [
          0.9978618485065232,
          0.9886250916485942,
          0.9720763896066972,
          1.0041722297259883,
          0.9780290444319384,
          0.9610287374998211,
          0.9795854392739527,
          0.9800874607446636,
          1.0127663314226194,
          0.9987813175294774,
          0.9920206990730002,
          0.9407244814175143,
          0.9872254263715635,
          0.9666844680122272,
          0.9857609292474322,
          0.9720300420010763,
          0.9660832427730308,
          1.0691223447240514,
          1.112043983794122,
          1.1729526585542824,
          1.181583411131659,
          0.0,
          0.9862967173349971,
          0.9641639273495304,
          0.9927871394867547,
          1.0823498736428556,
          1.0092427166850109
        ],
        [
          0.9950102703583777,
          1.0254688673646322,
          1.009091238316292,
          1.0443881485770443,
          1.01528912454924,
          0.9953680509731938,
          1.016380614537623,
          1.0151171106494035,
          1.0510950384328328,
          1.0322770268606765,
          1.012925472313846,
          0.9702576482458126,
          0.996724703046833,
          1.004432020400083,
          1.0055956620723723,
          1.0095284748021163,
          1.0018882801624451,
          1.0009791853758248,
          1.0160434429693666,
          1.0089880600168524,
          0.9843119131864679,
          0.9862967173349971,
          0.0,
          1.000915161816736,
          1.0026597075326793,
          1.5226541030890783,
          1.0111124875896602
        ],
        [
          0.9738283602460269,
          1.0003126857170148,
          0.984156268967357,
          1.0169557087879728,
          0.9902631974875503,
          0.9724726416779075,
          0.991539527183435,
          0.9905233393683271,
          1.0247458897173802,
          1.0078684697097988,
          0.9890997702392877,
          0.9459934938174986,
          0.9742780661261297,
          1.0032347468411773,
          0.9823070160747097,
          1.0107365392544605,
          1.0962763428590252,
          0.9777963754116009,
          0.9929766026417655,
          0.9879601233882017,
          0.961729067898774,
          0.9641639273495304,
          1.000915161816736,
          0.0,
          0.9839296709460845,
          1.4035956595737402,
          1.0068827424005584
        ],
        [
          1.011452400984044,
          1.0033358324067445,
          0.9867682281118657,
          1.0200885616128268,
          0.9927372685973287,
          0.9746374306217445,
          0.9941794173522834,
          0.9945024968883326,
          1.0279944644508396,
          1.0129692256935174,
          1.0057194771768259,
          0.9551890615300546,
          1.0015484017929541,
          0.9854243306332978,
          0.9993273044926465,
          0.9913086575977447,
          0.9878765194529048,
          0.997749160858548,
          1.0198647884933638,
          1.030354180449141,
          0.9864917773805316,
          0.9927871394867547,
          1.0026597075326793,
          0.9839296709460845,
          0.0,
          1.3183053979770143,
          1.0944633379035453
        ],
        [
          1.1487692903683255,
          1.0069310800734035,
          0.9895286085802139,
          1.0223948808085843,
          0.9943337156358357,
          0.9766481973355408,
          0.9967075927854502,
          1.0036853215646517,
          1.0307166718402785,
          1.0265065709369334,
          1.0756031460920044,
          0.989579284998771,
          1.1045769741964429,
          1.354745828510484,
          1.0684678599945499,
          1.3674156353941915,
          1.4028588055388267,
          1.071125016184757,
          1.1095590120415697,
          1.1572667330823279,
          1.0684361634818011,
          1.0823498736428556,
          1.5226541030890783,
          1.4035956595737402,
          1.3183053979770143,
          0.0,
          1.4595113380207982
        ],
        [
          1.0350232638601804,
          1.0096761125185552,
          0.993094960051953,
          1.0265948910925349,
          0.9988278703047033,
          0.9804656353764392,
          1.0003779986455748,
          1.0017088048541334,
          1.034220320205617,
          1.0206392801978315,
          1.02189686111438,
          0.9665525844840845,
          1.021045216176746,
          1.00324263763941,
          1.0151848946566004,
          1.0117827974313218,
          1.012291706570115,
          1.0133751511673301,
          1.0367292001985133,
          1.049624645635579,
          1.0025945744362081,
          1.0092427166850109,
          1.0111124875896602,
          1.0068827424005584,
          1.0944633379035453,
          1.4595113380207982,
          0.0
        ]
      ]
    },
    "country": {
      "alphabet": [
        "Canada",
        "China",
        "India",
        "Japan",
        "Mexico",
        "Taiwan",
        "Thailand",
        "USA",
        "Vietnam",
        "null",
        "?"
      ],
      "equilibrium_probabilities": [
        0.08828313108737938,
        0.09407542092428618,
        0.1069358298251921,
        0.08780458261262532,
        0.06715784848865197,
        0.09634736281911363,
        0.10125847814430881,
        0.1397237968224836,
        0.11798095287907386,
        0.10043259639688523
      ],
      "rate": 2.026540065287896,
      "transition_matrix": [
        [
          0.0,
          0.7916182706203971,
          0.8492359925244265,
          0.8114482167135159,
          0.818532906970756,
          0.8225925084669046,
          0.8421579720798582,
          1.5792762367169004,
          0.8490050996298969,
          0.8492742409061461
        ],
        [
          0.7916182706203971,
          0.0,
          1.0895819117023655,
          0.7581286315393477,
          0.8005368401395321,
          1.01017563448188,
          1.5547352930346043,
          2.063695390100216,
          1.9262739580701613,
          1.1606515838292897
        ],
        [
          0.8492359925244265,
          1.0895819117023655,
          0.0,
          0.8040597577213233,
          0.8122144912746719,
          0.8175537927637542,
          0.841206175099657,
          1.0869000069174977,
          0.9633802915529114,
          0.8496304329867848
        ],
        [
          0.8114482167135159,
          0.7581286315393477,
          0.8040597577213233,
          0.0,
          0.7918662546633843,
          0.7863704374743229,
          0.8000032568673042,
          1.9800119320149616,
          0.7994675929645174,
          0.8067212937517743
        ],
        [
          0.818532906970756,
          0.8005368401395321,
          0.8122144912746719,
          0.7918662546633843,
          0.0,
          0.7973681497903957,
          0.8093017116570146,
          4.143022944961494,
          0.8084446365917466,
          0.8257259917627928
        ],
        [
          0.8225925084669046,
          1.01017563448188,
          0.8175537927637542,
          0.7863704374743229,
          0.7973681497903957,
          0.0,
          0.812483255364066,
          1.3975096536329126,
          0.8148546913989252,
          0.8195464977152775
        ],
        [
          0.8421579720798582,
          1.5547352930346043,
          0.841206175099657,
          0.8000032568673042,
          0.8093017116570146,
          0.812483255364066,
          0.0,
          1.564172621377003,
          0.84041606193297,
          0.8416179021508992
        ],
        [
          1.5792762367169004,
          2.063695390100216,
          1.0869000069174977,
          1.9800119320149616,
          4.143022944961494,
          1.3975096536329126,
          1.564172621377003,
          0.0,
          1.1187992358098424,
          1.206054766384366
        ],
        [
          0.8490050996298969,
          1.9262739580701613,
          0.9633802915529114,
          0.7994675929645174,
          0.8084446365917466,
          0.8148546913989252,
          0.84041606193297,
          1.1187992358098424,
          0.0,
          0.8495207874989551
        ],
        [
          0.8492742409061461,
          1.1606515838292897,
          0.8496304329867848,
          0.8067212937517743,
          0.8257259917627928,
          0.8195464977152775,
          0.8416179021508992,
          1.206054766384366,
          0.8495207874989551,
          0.0
        ]
      ]
    },
    "rflp": {
      "alphabet": [
        "1-1-2",
        "1-1-3",
        "1-1-4",
        "1-10-1",
        "1-10-2",
        "1-10-4",
        "1-12-4",
        "1-13-2",
        "1-16-4",
        "1-18-2",
        "1-18-4",
        "1-19-2",
        "1-2-1",
        "1-2-2",
        "1-2-3",
        "1-2-4",
        "1-22-2",
        "1-26-2",
        "1-3-1",
        "1-3-2",
        "1-3-3",
        "1-3-4",
        "1-3-7",
        "1-30-2",
        "1-30-4",
        "1-37-2",
        "1-4-1",
        "1-4-2",
        "1-4-3",
        "1-4-4",
        "1-5-1",
        "1-5-3",
        "1-55-4",
        "1-6-1",
        "1-6-2",
        "1-6-3",
        "1-7-1",
        "1-7-2",
        "1-7-3",
        "1-7-4",
        "1-8-2",
        "1-8-4",
        "1-X-4",
        "2-5-2",
        "?"
      ],
      "equilibrium_probabilities": [
        0.02213852146727585,
        0.024920754736575585,
        0.02427700456306992,
        0.02453497955007173,
        0.023340946903099343,
        0.02433465825261115,
        0.023258390456583698,
        0.02463539039700764,
        0.022560247880112797,
        0.024556350663012257,
        0.023896253859525245,
        0.024639223788003,
        0.022878177139578768,
        0.019616117889092812,
        0.023664140717121095,
        0.018900885719365997,
        0.02350827538469367,
        0.02443247783745212,
        0.024108304617672265,
        0.02040818999564151,
        0.02494416526090061,
        0.017499693202376404,
        0.023184972644245183,
        0.024382114530828183,
        0.024758988061825207,
        0.024590545260280247,
        0.020743499392699385,
        0.015834598859319274,
        0.021324289030190974,
        0.013280916569582437,
        0.023339199353387775,
        0.02474535196302215,
        0.023277863185570433,
        0.024505085319750434,
        0.024386714937951144,
        0.023561406702662945,
        0.02445384048832949,
        0.02336645254463395,
        0.024675850048972853,
        0.0211482015647146,
        0.023139691109853144,
        0.017099441400650044,
        0.023765072498272366,
        0.023382754252414106
      ],
      "rate": 10.636733895205163,
      "transition_matrix": [
        [
          0.0,
          0.9480770517141656,
          0.9502067266572545,
          0.947955595443146,
          0.9474917883880676,
          0.9479384053089388,
          0.9475633706579359,
          0.9480729849944394,
          0.9469692291772035,
          0.956062564107377,
          0.9558314104900124,
          0.9490957846995873,
          0.9547773329428799,
          0.9586792552270722,
          0.9475110806681486,
          0.9732011423373949,
          0.9709189750714095,
          0.9659554336297846,
          0.9474099888771415,
          0.9762603329202965,
          0.9466292306545245,
          0.9785559879880826,
          0.9476929165206984,
          0.9478211391381646,
          0.9472074402009498,
          0.9477047212760413,
          0.9506525275553362,
          2.398207503071527,
          0.9472717170206273,
          1.1127060605122823,
          0.9475978957204134,
          0.9480864718289196,
          0.9473151556525037,
          0.9480546678150255,
          0.9480958475149477,
          0.9418517273343519,
          0.9480381392193467,
          0.947809447751269,
          0.9480137700670289,
          1.0033509364212014,
          0.9478180307672237,
          1.2755736204093326,
          0.9554062685953603,
          0.9647520291071541
        ],
        [
          0.9480770517141656,
          0.0,
          0.9456931932397977,
          1.0540489261103658,
          0.9430193796785341,
          0.9432761617463579,
          0.9431235949189833,
          0.943356249003393,
          0.9425334031634583,
          0.952287407051789,
          0.9521922045981479,
          0.9444931628231023,
          0.9505746226393186,
          0.9556032765042275,
          0.9430389976698818,
          0.9716678458087816,
          0.9691644914300148,
          0.9633851528320997,
          0.9427407518154004,
          0.9754092932782925,
          1.4120847428955405,
          0.9784636180896957,
          0.9432205428896533,
          0.9431362162756649,
          0.9423590314239252,
          0.9429549145232874,
          0.9463333497693153,
          1.2188921410868006,
          0.9426736560094573,
          1.1267607983739822,
          0.9431415073165514,
          0.9434599498293884,
          0.9428415490586013,
          0.943434331649563,
          0.9433916691135291,
          1.3866802486908445,
          0.9434141412068291,
          0.9432589316875292,
          0.9433942905289298,
          1.006367633639823,
          0.9434348537817242,
          1.3249614758808823,
          0.9514310167287519,
          0.9614914119944948
        ],
        [
          0.9502067266572545,
          0.9456931932397977,
          0.0,
          0.9456113567405172,
          0.945269196604461,
          0.9456153685387227,
          0.9453630911808937,
          0.9457270247621848,
          0.9453911147252985,
          0.9544568153876202,
          0.9542936964106794,
          0.9468372624133393,
          0.9527012241500104,
          0.9582804939101837,
          0.9452500395405254,
          1.5117405784513411,
          0.9708565863063081,
          0.965308008036897,
          0.9450666013617127,
          0.9768092659368119,
          0.9441097488654524,
          0.9794239156050901,
          0.9455007860205236,
          0.9458046943727754,
          0.9447668832733698,
          0.9453297880254404,
          0.9484104501560219,
          1.259329389581188,
          0.9446952023081385,
          1.126434347163155,
          0.945389027482755,
          0.9457290955021973,
          0.9450890934631953,
          0.9457245204711792,
          0.9457506742814673,
          0.938990748289436,
          0.9456974267949806,
          0.9455521328753089,
          0.9456412008736085,
          1.0069451349456457,
          0.945649840507027,
          1.3151873400671052,
          0.9535620339754871,
          0.9633975205497992
        ],
        [
          0.947955595443146,
          1.0540489261103658,
          0.9456113567405172,
          0.0,
          0.9429788860476491,
          0.9432337517086941,
          0.9430822380017507,
          0.9433140772028483,
          0.942499561123733,
          0.952102126885845,
          0.9520075745545253,
          0.9444321205291814,
          0.9504138148597088,
          0.9553544133139915,
          0.942926071259148,
          0.9711573636597917,
          0.968703150696298,
          0.9630239041696299,
          0.9427066147005542,
          0.9748378898972778,
          0.9417036337335302,
          0.9778351332992197,
          0.9431775219446537,
          0.9430969521505016,
          0.9423325905018917,
          0.9429188733948097,
          0.9462350930821466,
          1.213530204242648,
          0.9425402412568739,
          1.1233644966363778,
          0.9430999681677329,
          0.9434149045564947,
          0.9428045961830795,
          0.9433894469940342,
          0.943348347721241,
          1.3522428047189858,
          0.9433694441349672,
          0.9432155271073897,
          0.9433496776840082,
          1.0052754505835764,
          0.943388243274356,
          1.3170435261947733,
          0.9512568026744442,
          0.9611540468968821
        ],
        [
          0.9474917883880676,
          0.9430193796785341,
          0.945269196604461,
          0.9429788860476491,
          0.0,
          1.0802968666554205,
          0.942869560758382,
          0.9430796418466332,
          0.9423024193253506,
          0.951470969705099,
          0.9514232098799876,
          0.9441435519710403,
          0.949832679418839,
          0.9546784623019955,
          0.9427216988059036,
          0.9697285206269491,
          0.9673854962875001,
          0.9618593665003174,
          0.9427962035515903,
          0.973909646340911,
          0.9415009073358779,
          1.4210386847241916,
          0.9429474718153542,
          0.9428724531091565,
          0.9421465018521582,
          0.9428420352770625,
          0.9487785597262647,
          1.1994933767736482,
          0.94241000169921,
          1.6584131584234723,
          0.942930067663497,
          0.9430694623517508,
          0.9439031208887163,
          0.9430896288285535,
          0.9431115955652044,
          0.93668020975219,
          0.9430671177452644,
          0.9429847505477931,
          0.9429907630538481,
          1.0022825255591141,
          0.9431922723909875,
          1.2953084221962268,
          0.9512312604208696,
          0.9604747203949181
        ],
        [
          0.9479384053089388,
          0.9432761617463579,
          0.9456153685387227,
          0.9432337517086941,
          1.0802968666554205,
          0.0,
          0.943106431302313,
          0.9433394874813915,
          0.9425247636196273,
          0.9520853790493858,
          0.9520301628542007,
          0.9444474968542355,
          0.9503780289444892,
          0.9552730615532308,
          0.9429528227496747,
          0.970947604603115,
          0.9685183456030666,
          0.9629306440528835,
          0.9430200054328672,
          0.9752673653266044,
          0.9416918571696773,
          1.3995774968966308,
          0.9432003515353962,
          0.9431230918586471,
          0.9423662004747934,
          0.9430840586082156,
          0.9462338212721989,
          1.211565528486274,
          0.9425666885107667,
          1.124026485797345,
          0.9431581747335975,
          0.9433287154991079,
          0.9428320059051192,
          0.9433496868997552,
          0.9433723845333267,
          0.9366641745399317,
          0.9433260440253995,
          0.9432389104087172,
          0.9432464698881114,
          1.0050302746549047,
          0.9434083948940923,
          1.3134980097281963,
          0.9517710561704734,
          0.9614076947658213
        ],
        [
          0.9475633706579359,
          0.9431235949189833,
          0.9453630911808937,
          0.9430822380017507,
          0.942869560758382,
          0.943106431302313,
          0.0,
          0.943183174302386,
          0.9423994498155552,
          0.9515131921395169,
          0.9514222544966188,
          0.9442437473907364,
          0.9498986370557319,
          0.9546939837076697,
          0.9428136208096498,
          0.9696643557882942,
          0.9673890203409776,
          0.9618508436639003,
          0.9426087994775111,
          0.9731642831349906,
          0.9416124545203421,
          0.9761474998441004,
          0.9430433674248153,
          0.9429758368172825,
          0.9422539768515441,
          0.9428085832107136,
          0.9459858603588245,
          1.1972339415858726,
          0.944193741707883,
          1.6514543734771516,
          0.942984540762071,
          0.9431725074483687,
          0.9426997519199788,
          0.9431925751436112,
          0.9432142828130031,
          0.9368000698695361,
          0.9431695227010067,
          0.9430806373231289,
          0.9430936064954334,
          1.0018704621819408,
          0.9432850184705043,
          1.2943560071939797,
          0.9507356988608486,
          0.9601150089301039
        ],
        [
          0.9480729849944394,
          0.943356249003393,
          0.9457270247621848,
          0.9433140772028483,
          0.9430796418466332,
          0.9433394874813915,
          0.943183174302386,
          0.0,
          0.9425968050692473,
          1.428621149575561,
          0.9523175148171334,
          0.9446115428093637,
          0.9505435782871524,
          0.9554931005711945,
          0.9430274547301478,
          0.9713603772782877,
          0.9689173500176553,
          0.9669926191858811,
          0.9428099293569394,
          0.9750676129081212,
          0.9417516421505997,
          0.9781004034869459,
          0.9432787878237826,
          0.9432021420457903,
          0.9424356750994024,
          0.9430244705501446,
          0.9463376389295175,
          1.2146548155639225,
          0.9426308668684518,
          1.1243140724680791,
          0.9432012013665957,
          0.9434090306208363,
          0.9429044449660583,
          0.9434313306622507,
          0.9434547007276647,
          0.9366629117047923,
          0.9434070090217728,
          0.9433172386835527,
          0.9433255999179158,
          1.0057620279698547,
          0.9434908051490355,
          1.319492791226005,
          0.9513936005789655,
          0.9613322052117036
        ],
        [
          0.9469692291772035,
          0.9425334031634583,
          0.9453911147252985,
          0.942499561123733,
          0.9423024193253506,
