{
  "generated_by": {
    "program": "augur",
    "version": "21.1.0"
  },
  "models": {
    "clade_membership": {
      "alphabet": [
        "L10",
        "L11",
        "L1A",
        "L1B",
        "L1C-unclade",
        "L1C.1",
        "L1C.2",
        "L1C.3",
        "L1C.4",
        "L1C.5",
        "L1D",
        "L1E",
        "L1F",
        "L1H",
        "L1I",
        "L1J",
        "L2",
        "L3",
        "L4",
        "L5A",
        "L5B",
        "L6",
        "L7",
        "L8A",
        "L8B",
        "L8C",
        "L8D",
        "L8E",
        "L9A",
        "L9B",
        "L9C",
        "L9D",
        "L9E",
        "?"
      ],
      "equilibrium_probabilities": [
        0.03008532688868213,
        0.030353110117025947,
        0.030527266531482494,
        0.030590883387564948,
        0.03023199965604208,
        0.030195289553550678,
        0.030073632026426378,
        0.03020740712569339,
        0.030093580715911124,
        0.029987849758105724,
        0.029870942510685252,
        0.030162115077545532,
        0.030497565352341126,
        0.030750131416772207,
        0.02954751694133226,
        0.030886931454286767,
        0.030303371255896862,
        0.03153423769843521,
        0.030363299824603954,
        0.030045721245258814,
        0.030042682369451033,
        0.030413078671436614,
        0.02999342521647982,
        0.030172187457461357,
        0.030477237111308793,
        0.030012150794250965,
        0.030548681107928546,
        0.03042072244797217,
        0.03067753489735553,
        0.030097369891220815,
        0.030389031273456213,
        0.030345223800354603,
        0.03010249642368064
      ],
      "rate": 1.5727491999552177,
      "transition_matrix": [
        [
          0.0,
          1.03098061668857,
          1.0038392522627324,
          1.004005882080617,
          1.0030293707426237,
          1.0110050351117532,
          1.0129688883389878,
          1.0099513318299973,
          1.0126502144230165,
          1.0143499324394722,
          1.0109513785753612,
          1.0082386878111902,
          1.003627682740232,
          1.003068440895352,
          1.0130586657375198,
          0.9987562534468538,
          1.053742735218112,
          0.992155342312548,
          1.0172372662873688,
          1.0639658933273068,
          1.0324571141143613,
          1.0419377205129996,
          1.2129112561841733,
          1.0313550407573253,
          1.0369322601513284,
          1.0827529079250546,
          1.0335154847341932,
          1.040181386810656,
          1.046974584393108,
          1.0404727268263383,
          1.040943717861703,
          1.059666940514068,
          1.0679426178141511
        ],
        [
          1.03098061668857,
          0.0,
          0.9994016445190864,
          0.9971906719311343,
          0.9941330991744757,
          1.0003830116724082,
          1.0023651713669453,
          0.9999128806671828,
          1.0020434333800015,
          1.0037593597986907,
          1.0037813980423247,
          1.0876463508064347,
          0.9963600640441451,
          0.993515857726745,
          1.0307341946211237,
          0.9912417042442887,
          1.2164215727497063,
          1.0786435066896205,
          1.2604686428817828,
          1.076724927252795,
          1.1540502024996853,
          1.0510717500845475,
          1.0353048625919152,
          1.007038323635477,
          1.0050945645253913,
          1.0216212756414198,
          1.0034651140742101,
          1.0064195079715317,
          1.005165758238986,
          1.0092448342859055,
          1.006967369853107,
          1.0121372769160635,
          1.016698067516254
        ],
        [
          1.0038392522627324,
          0.9994016445190864,
          0.0,
          1.3540793898513432,
          1.016585282739696,
          1.000618333119471,
          1.0026110784064315,
          1.0084634008707158,
          1.002287614894347,
          1.004012754371013,
          1.043472531655795,
          1.0846444357885512,
          1.0376688382407981,
          1.009461274858073,
          1.232766630334364,
          1.0309397955103057,
          0.9983844551814606,
          0.9880423925785201,
          1.0064826289228608,
          1.0030283467915269,
          1.0034168888256523,
          0.9989802177844704,
          1.004813616303155,
          1.0017366050385526,
          0.9966971442411664,
          1.0007708170713057,
          0.9958187416061643,
          0.9972274710681633,
          0.9926528355981312,
          1.0010530290754005,
          0.997660737277865,
          0.9972246935634429,
          1.0002260419096063
        ],
        [
          1.004005882080617,
          0.9971906719311343,
          1.3540793898513432,
          0.0,
          1.0076361342804827,
          1.0008457471101242,
          1.0028422482082937,
          1.0051590396897843,
          1.0025181792879971,
          1.0042465586877973,
          1.0284753288461095,
          1.055524564346485,
          1.021871554442558,
          1.003229353664937,
          1.1672305374689336,
          1.015673132561271,
          0.9975345841375669,
          0.9843150859563621,
          1.0006567787625174,
          1.0030408305826184,
          1.003124865358072,
          0.9990751018750932,
          1.0049690242618685,
          1.0019574570087364,
          0.9968992456530427,
          1.0009385046807233,
          0.9960224670408067,
          0.9974284994024838,
          0.9928327930665749,
          1.001261047872432,
          0.9978611136489682,
          0.9974055243125224,
          1.0004055590356844
        ],
        [
          1.0030293707426237,
          0.9941330991744757,
          1.016585282739696,
          1.0076361342804827,
          0.0,
          1.5016050553172258,
          1.5029737058530659,
          1.4428259519039004,
          1.5024869809972627,
          1.505014258680542,
          1.175342865627127,
          1.023871934802419,
          1.0590633816830697,
          1.0637242281491173,
          1.093101452754506,
          1.0514360030319627,
          0.9957348044401081,
          0.9800660614593705,
          0.9941053120662751,
          1.0019474560006258,
          1.001762077789898,
          0.998098961199835,
          1.0039718463409109,
          1.0010552445894623,
          0.9960447958835845,
          1.0000128406675528,
          0.9951797116465015,
          0.9965675450989359,
          0.9920123524138815,
          1.0003617784592795,
          0.9969944506399134,
          0.996530716413229,
          0.9994943565645414
        ],
        [
          1.0110050351117532,
          1.0003830116724082,
          1.000618333119471,
          1.0008457471101242,
          1.5016050553172258,
          0.0,
          1.0099253910062123,
          1.0069460944162054,
          1.0096056948515637,
          1.0113106802568401,
          1.007907948687641,
          1.001419266911922,
          1.0005185696096368,
          1.0000004248697585,
          1.009135910900846,
          0.995630523174724,
          1.0029927343990968,
          0.9855269607044067,
          0.9974658569183732,
          1.0098056793066812,
          1.0094224595234274,
          1.006057615503721,
          1.0119283987650705,
          1.0090575114513871,
          1.0040523962255186,
          1.007930484658623,
          1.0031956237724324,
          1.0045667002198504,
          1.000006114459063,
          1.0083270963139952,
          1.004989298355675,
          1.0044976004591024,
          1.007434426687832
        ],
        [
          1.0129688883389878,
          1.0023651713669453,
          1.0026110784064315,
          1.0028422482082937,
          1.5029737058530659,
          1.0099253910062123,
          0.0,
          1.0089176709370435,
          1.011568606369485,
          1.013266536105021,
          1.0098589059279086,
          1.0033895628534086,
          1.0025097849910745,
          1.0020071504431578,
          1.0110661961473775,
          0.9976462078486128,
          1.0049717041542008,
          0.9875813940329117,
          0.9994489176992263,
          1.0117675137970443,
          1.011383485411088,
          1.00804306613572,
          1.0138862745322814,
          1.0110266510063426,
          1.006041667707627,
          1.0098901586239581,
          1.005189434641495,
          1.006552374313494,
          1.0020080877295048,
          1.0102913580600852,
          1.0069726656317932,
          1.0064784848942008,
          1.009399513830853
        ],
        [
          1.0099513318299973,
          0.9999128806671828,
          1.0084634008707158,
          1.0051590396897843,
          1.4428259519039004,
          1.0069460944162054,
          1.0089176709370435,
          0.0,
          1.0085976523073323,
          1.0103043808035552,
          1.075688416656488,
          1.0118792465087971,
          1.0245278191914413,
          1.0260576174788354,
          1.0440029256268024,
          1.0185293151486763,
          1.0021725969427058,
          0.9853294141467978,
          0.998027400697611,
          1.0087860678726697,
          1.0084687091748847,
          1.0050102403293635,
          1.0108794564776968,
          1.007992418291236,
          1.0029848482446886,
          1.0068822161845956,
          1.0021260780298014,
          1.0035007824925175,
          0.998939868654923,
          1.0072678791064842,
          1.0039243950296979,
          1.0034383697197324,
          1.006381334514041
        ],
        [
          1.0126502144230165,
          1.0020434333800015,
          1.002287614894347,
          1.0025181792879971,
          1.5024869809972627,
          1.0096056948515637,
          1.011568606369485,
          1.0085976523073323,
          0.0,
          1.012949111793272,
          1.0095422668683212,
          1.0030697501860393,
          1.0021865591822607,
          1.0016814007520918,
          1.0107529348115092,
          0.9973189658041758,
          1.004650506601878,
          0.9872477887389346,
          0.9991270077498321,
          1.0114491586693029,
          1.0110652578515151,
          1.007720841276109,
          1.0135685796238505,
          1.010707102253409,
          1.0057188056049693,
          1.0095721382943188,
          1.0048658277867175,
          1.0062301010795611,
          1.001683128180013,
          1.0099725960689003,
          1.0066507710029808,
          1.0061569894673708,
          1.0090806100325838
        ],
        [
          1.0143499324394722,
          1.0037593597986907,
          1.004012754371013,
          1.0042465586877973,
          1.505014258680542,
          1.0113106802568401,
          1.013266536105021,
          1.0103043808035552,
          1.012949111793272,
          0.0,
          1.0112310269954456,
          1.0047753976794096,
          1.0039104171329156,
          1.0034187320647565,
          1.0124236904129365,
          0.9990642081277415,
          1.006363585146046,
          0.9890268998205427,
          1.0008438089144749,
          1.0131471568891024,
          1.01276256786716,
          1.009439452141036,
          1.0152630822372912,
          1.0124114635032635,
          1.0074407912457028,
          1.011268319088126,
          1.0065917793872887,
          1.0079489489862683,
          1.0034162590392037,
          1.0116727440979345,
          1.0083676026919037,
          1.0078716814618824,
          1.0107815024283031
        ],
        [
          1.0109513785753612,
          1.0037813980423247,
          1.043472531655795,
          1.0284753288461095,
          1.175342865627127,
          1.007907948687641,
          1.0098589059279086,
          1.075688416656488,
          1.0095422668683212,
          1.0112310269954456,
          0.0,
          1.0538911550911254,
          1.1144257893423348,
          1.392135053217711,
          1.1529746992370487,
          1.1057197478106158,
          1.0044006554528275,
          0.9909686253532488,
          1.0063784813916863,
          1.0099649598364258,
          1.0099889628980387,
          1.0061301883541727,
          1.011883108547734,
          1.0089482674162906,
          1.004003244142448,
          1.0078983552935181,
          1.003150389035881,
          1.0045151591746835,
          1.000014267870586,
          1.008239620053875,
          1.0049356394030193,
          1.0044727966166676,
          1.007390539852861
        ],
        [
          1.0082386878111902,
          1.0876463508064347,
          1.0846444357885512,
          1.055524564346485,
          1.023871934802419,
          1.001419266911922,
          1.0033895628534086,
          1.0118792465087971,
          1.0030697501860393,
          1.0047753976794096,
          1.0538911550911254,
          0.0,
          1.0486340699971486,
          1.0147673342169619,
          1.3028288372835781,
          1.041680619096923,
          1.0411735657925958,
          1.140487367398851,
          1.2058690933690848,
          1.014301063551511,
          1.0276963647614517,
          1.0066602047741848,
          1.0097494548085695,
          1.0032483920301278,
          0.9987056561770474,
          1.0045794990016415,
          0.9977047814354472,
          0.9993276085661034,
          0.9953449272963562,
          1.0030337944527488,
          0.9998024459415701,
          1.000205901478089,
          1.0034419564101495
        ],
        [
          1.003627682740232,
          0.9963600640441451,
          1.0376688382407981,
          1.021871554442558,
          1.0590633816830697,
          1.0005185696096368,
          1.0025097849910745,
          1.0245278191914413,
          1.0021865591822607,
          1.0039104171329156,
          1.1144257893423348,
          1.0486340699971486,
          0.0,
          1.0393069567548796,
          1.1545353869929185,
          1.2864949934464487,
          0.996980654936527,
          0.9832160877982652,
          0.999049509477119,
          1.002638940007782,
          1.0026641055879972,
          0.9986985111015816,
          1.0045862686040419,
          1.0015961796897344,
          0.9965499326574192,
          1.0005738101112915,
          0.9956758522520753,
          0.9970777448811463,
          0.9924924322554091,
          1.0009013366612112,
          0.997509034757917,
          0.9970522504351002,
          1.0000438212019493
        ],
        [
          1.003068440895352,
          0.993515857726745,
          1.009461274858073,
          1.003229353664937,
          1.0637242281491173,
          1.0000004248697585,
          1.0020071504431578,
          1.0260576174788354,
          1.0016814007520918,
          1.0034187320647565,
          1.392135053217711,
          1.0147673342169619,
          1.0393069567548796,
          0.0,
          1.065317264202545,
          1.0324056088510924,
          0.9954480360775638,
          0.9789623381661515,
          0.9926031037761869,
          1.001939275273968,
          1.0016930969603621,
          0.9980476313962129,
          1.0040235069565946,
          1.0010717931481339,
          0.9959785113062276,
          1.0000009764986406,
          0.9951002871400575,
          0.9965091165258233,
          0.9918782631574192,
          1.0003638159062667,
          0.9969425780431251,
          0.9964672889864475,
          0.99947695914835
        ],
        [
          1.0130586657375198,
          1.0307341946211237,
          1.232766630334364,
          1.1672305374689336,
          1.093101452754506,
          1.009135910900846,
          1.0110661961473775,
          1.0440029256268024,
          1.0107529348115092,
          1.0124236904129365,
          1.1529746992370487,
          1.3028288372835781,
          1.1545353869929185,
          1.065317264202545,
          0.0,
          1.1452450905483273,
          1.0174267753807325,
          1.0345246409009752,
          1.0690881269960946,
          1.0138777750684629,
          1.0172567751918553,
          1.0090574155881167,
          1.0141242872607634,
          1.0103691215157633,
          1.005585670071291,
          1.0099012867289783,
          1.0047070513884653,
          1.006114449817516,
          1.0018002390062288,
          1.0097835415241105,
          1.0065443788265447,
          1.0062960946086892,
          1.009253077227329
        ],
        [
          0.9987562534468538,
          0.9912417042442887,
          1.0309397955103057,
          1.015673132561271,
          1.0514360030319627,
          0.995630523174724,
          0.9976462078486128,
          1.0185293151486763,
          0.9973189658041758,
          0.9990642081277415,
          1.1057197478106158,
          1.041680619096923,
          1.2864949934464487,
          1.0324056088510924,
          1.1452450905483273,
          0.0,
          0.9919758656584239,
          0.97777726601215,
          0.9936631165888585,
          0.9977569430127247,
          0.9977592438314531,
          0.9937569707832145,
          0.9997306084441774,
          0.9967121499309091,
          0.991603874797709,
          0.9957056065816172,
          0.9907169456770334,
          0.9921414864963256,
          0.9875044684410181,
          0.9960263750794422,
          0.9925793209326537,
          0.9921257610355395,
          0.995162373220677
        ],
        [
          1.053742735218112,
          1.2164215727497063,
          0.9983844551814606,
          0.9975345841375669,
          0.9957348044401081,
          1.0029927343990968,
          1.0049717041542008,
          1.0021725969427058,
          1.004650506601878,
          1.006363585146046,
          1.0044006554528275,
          1.0411735657925958,
          0.996980654936527,
          0.9954480360775638,
          1.0174267753807325,
          0.9919758656584239,
          0.0,
          1.0268056385579014,
          1.1412910755976173,
          1.131331883285405,
          1.2195372377661575,
          1.0916246012755817,
          1.0602156624075063,
          1.0137922176700267,
          1.0139751072526835,
          1.0389855665100163,
          1.0119274264531333,
          1.0159240787979635,
          1.0166626465011603,
          1.0177777184788745,
          1.0164206653108814,
          1.0253746667718575,
          1.0308760882378678
        ],
        [
          0.992155342312548,
          1.0786435066896205,
          0.9880423925785201,
          0.9843150859563621,
          0.9800660614593705,
          0.9855269607044067,
          0.9875813940329117,
          0.9853294141467978,
          0.9872477887389346,
          0.9890268998205427,
          0.9909686253532488,
          1.140487367398851,
          0.9832160877982652,
          0.9789623381661515,
          1.0345246409009752,
          0.97777726601215,
          1.0268056385579014,
          0.0,
          1.2157810132762181,
          0.998031907560634,
          1.0114392930730354,
          0.9901199833209445,
          0.9937190970790637,
          0.9873215564870287,
          0.9825432527080485,
          0.9886163383313721,
          0.9814962560089329,
          0.9831872925626254,
          0.9790247937097825,
          0.987129734709006,
          0.9836937615021653,
          0.9840778028906941,
          0.9874702112764167
        ],
        [
          1.0172372662873688,
          1.2604686428817828,
          1.0064826289228608,
          1.0006567787625174,
          0.9941053120662751,
          0.9974658569183732,
          0.9994489176992263,
          0.998027400697611,
          0.9991270077498321,
          1.0008438089144749,
          1.0063784813916863,
          1.2058690933690848,
          0.999049509477119,
          0.9926031037761869,
          1.0690881269960946,
          0.9936631165888585,
          1.1412910755976173,
          1.2157810132762181,
          0.0,
          1.045922188231164,
          1.096015559276137,
          1.0275881557363749,
          1.0203673995701175,
          1.0019077624461654,
          0.9987984507192025,
          1.0106788687370398,
          0.9974185276306645,
          0.9997980208554381,
          0.9973975002451209,
          1.003102616617161,
          1.0003473681122872,
          1.0034358494590758,
          1.007459990825084
        ],
        [
          1.0639658933273068,
          1.076724927252795,
          1.0030283467915269,
          1.0030408305826184,
          1.0019474560006258,
          1.0098056793066812,
          1.0117675137970443,
          1.0087860678726697,
          1.0114491586693029,
          1.0131471568891024,
          1.0099649598364258,
          1.014301063551511,
          1.002638940007782,
          1.001939275273968,
          1.0138777750684629,
          0.9977569430127247,
          1.131331883285405,
          0.998031907560634,
          1.045922188231164,
          0.0,
          1.0682624176667317,
          1.2749642503745096,
          1.0716169031399008,
          1.0212250170483137,
          1.0221199827958698,
          1.0515283385577179,
          1.019741559798548,
          1.0240908707699758,
          1.0262392605337998,
          1.0260816933173318,
          1.0248107706897573,
          1.0353260366668273,
          1.0414038697457224
        ],
        [
          1.0324571141143613,
          1.1540502024996853,
          1.0034168888256523,
          1.003124865358072,
          1.001762077789898,
          1.0094224595234274,
          1.011383485411088,
          1.0084687091748847,
          1.0110652578515151,
          1.01276256786716,
          1.0099889628980387,
          1.0276963647614517,
          1.0026641055879972,
          1.0016930969603621,
          1.0172567751918553,
          0.9977592438314531,
          1.2195372377661575,
          1.0114392930730354,
          1.096015559276137,
          1.0682624176667317,
          0.0,
          1.0449880176150763,
          1.0362702724369504,
          1.0145595693982483,
          1.0119719760952886,
          1.0257911202487344,
          1.0104345719015235,
          1.0130373751157613,
          1.0113582637706995,
          1.0162704558430222,
          1.0136654788197148,
          1.0176807690564627,
          1.0220032178412943
        ],
        [
          1.0419377205129996,
          1.0510717500845475,
          0.9989802177844704,
          0.9990751018750932,
          0.998098961199835,
          1.006057615503721,
          1.00804306613572,
          1.0050102403293635,
          1.007720841276109,
          1.009439452141036,
          1.0061301883541727,
          1.0066602047741848,
          0.9986985111015816,
          0.9980476313962129,
          1.0090574155881167,
          0.9937569707832145,
          1.0916246012755817,
          0.9901199833209445,
          1.0275881557363749,
          1.2749642503745096,
          1.0449880176150763,
          0.0,
          1.0479182682365686,
          1.013790751341128,
          1.0128450146591153,
          1.0340629190267219,
          1.0107374962591658,
          1.0142467135512274,
          1.0148276888152443,
          1.017362964975436,
          1.0151227965457341,
          1.0224224480754143,
          1.027853383759718
        ],
        [
          1.2129112561841733,
          1.0353048625919152,
          1.004813616303155,
          1.0049690242618685,
          1.0039718463409109,
          1.0119283987650705,
          1.0138862745322814,
          1.0108794564776968,
          1.0135685796238505,
          1.0152630822372912,
          1.011883108547734,
          1.0097494548085695,
          1.0045862686040419,
          1.0040235069565946,
          1.0141242872607634,
          0.9997306084441774,
          1.0602156624075063,
          0.9937190970790637,
          1.0203673995701175,
          1.0716169031399008,
          1.0362702724369504,
          1.0479182682365686,
          0.0,
          1.034816869750862,
          1.0413142688800556,
          1.090315413562055,
          1.0379379900278294,
          1.0450022226565268,
          1.0519637835831162,
          1.0442738696282987,
          1.0454544200049984,
          1.0655824820066304,
          1.073965591830078
        ],
        [
          1.0313550407573253,
          1.007038323635477,
          1.0017366050385526,
          1.0019574570087364,
          1.0010552445894623,
          1.0090575114513871,
          1.0110266510063426,
          1.007992418291236,
          1.010707102253409,
          1.0124114635032635,
          1.0089482674162906,
          1.0032483920301278,
          1.0015961796897344,
          1.0010717931481339,
          1.0103691215157633,
          0.9967121499309091,
          1.0137922176700267,
          0.9873215564870287,
          1.0019077624461654,
          1.0212250170483137,
          1.0145595693982483,
          1.013790751341128,
          1.034816869750862,
          0.0,
          1.2592491279631375,
          1.2057907071658676,
          1.0685401816005413,
          1.0802068928945279,
          1.017652100313896,
          1.0204668292769499,
          1.018608528338227,
          1.0253683789614894,
          1.0303334782665754
        ],
        [
          1.0369322601513284,
          1.0050945645253913,
          0.9966971442411664,
          0.9968992456530427,
          0.9960447958835845,
          1.0040523962255186,
          1.006041667707627,
          1.0029848482446886,
          1.0057188056049693,
          1.0074407912457028,
          1.004003244142448,
          0.9987056561770474,
          0.9965499326574192,
          0.9959785113062276,
          1.005585670071291,
          0.991603874797709,
          1.0139751072526835,
          0.9825432527080485,
          0.9987984507192025,
          1.0221199827958698,
          1.0119719760952886,
          1.0128450146591153,
          1.0413142688800556,
          1.2592491279631375,
          0.0,
          1.252731347251761,
          1.0922390256207823,
          1.1060372288514413,
          1.0199030885701672,
          1.020558943759075,
          1.0196463026882518,
          1.029229922040705,
          1.0347260243640013
        ],
        [
          1.0827529079250546,
          1.0216212756414198,
          1.0007708170713057,
          1.0009385046807233,
          1.0000128406675528,
          1.007930484658623,
          1.0098901586239581,
          1.0068822161845956,
          1.0095721382943188,
          1.011268319088126,
          1.0078983552935181,
          1.0045794990016415,
          1.0005738101112915,
          1.0000009764986406,
          1.0099012867289783,
          0.9957056065816172,
          1.0389855665100163,
          0.9886163383313721,
          1.0106788687370398,
          1.0515283385577179,
          1.0257911202487344,
          1.0340629190267219,
          1.090315413562055,
          1.2057907071658676,
          1.252731347251761,
          0.0,
          1.199791792776997,
          1.2193378408519266,
          1.0511453710488912,
          1.0435065472093985,
          1.0468102885717139,
          1.0664907896545064,
          1.073329323052891
        ],
        [
          1.0335154847341932,
          1.0034651140742101,
          0.9958187416061643,
          0.9960224670408067,
          0.9951797116465015,
          1.0031956237724324,
          1.005189434641495,
          1.0021260780298014,
          1.0048658277867175,
          1.0065917793872887,
          1.003150389035881,
          0.9977047814354472,
          0.9956758522520753,
          0.9951002871400575,
          1.0047070513884653,
          0.9907169456770334,
          1.0119274264531333,
          0.9814962560089329,
          0.9974185276306645,
          1.019741559798548,
          1.0104345719015235,
          1.0107374962591658,
          1.0379379900278294,
          1.0685401816005413,
          1.0922390256207823,
          1.199791792776997,
          0.0,
          1.2130717196140561,
          1.0182144279497876,
          1.0190054331773344,
          1.0177468865648784,
          1.027276195856688,
          1.0329848555697836
        ],
        [
          1.040181386810656,
          1.0064195079715317,
          0.9972274710681633,
          0.9974284994024838,
          0.9965675450989359,
          1.0045667002198504,
          1.006552374313494,
          1.0035007824925175,
          1.0062301010795611,
          1.0079489489862683,
          1.0045151591746835,
          0.9993276085661034,
          0.9970777448811463,
          0.9965091165258233,
          1.006114449817516,
          0.9921414864963256,
          1.0159240787979635,
          0.9831872925626254,
          0.9997980208554381,
          1.0240908707699758,
          1.0130373751157613,
          1.0142467135512274,
          1.0450022226565268,
          1.0802068928945279,
          1.1060372288514413,
          1.2193378408519266,
          1.2130717196140561,
          0.0,
          1.0231244072258237,
          1.0228289476759893,
          1.0221077862683787,
          1.0329297295071442,
          1.038808405987142
        ],
        [
          1.046974584393108,
          1.005165758238986,
          0.9926528355981312,
          0.9928327930665749,
          0.9920123524138815,
          1.000006114459063,
          1.0020080877295048,
          0.998939868654923,
          1.001683128180013,
          1.0034162590392037,
          1.000014267870586,
          0.9953449272963562,
          0.9924924322554091,
          0.9918782631574192,
          1.0018002390062288,
          0.9875044684410181,
          1.0166626465011603,
          0.9790247937097825,
          0.9973975002451209,
          1.0262392605337998,
          1.0113582637706995,
          1.0148276888152443,
          1.0519637835831162,
          1.017652100313896,
          1.0199030885701672,
          1.0511453710488912,
          1.0182144279497876,
          1.0231244072258237,
          0.0,
          1.3433880355316095,
          1.0847494063993701,
          1.1177952216070197,
          1.2535597339194866
        ],
        [
          1.0404727268263383,
          1.0092448342859055,
          1.0010530290754005,
          1.001261047872432,
          1.0003617784592795,
          1.0083270963139952,
          1.0102913580600852,
          1.0072678791064842,
          1.0099725960689003,
          1.0116727440979345,
          1.008239620053875,
          1.0030337944527488,
          1.0009013366612112,
          1.0003638159062667,
          1.0097835415241105,
          0.9960263750794422,
          1.0177777184788745,
          0.987129734709006,
          1.003102616617161,
          1.0260816933173318,
          1.0162704558430222,
          1.017362964975436,
          1.0442738696282987,
          1.0204668292769499,
          1.020558943759075,
          1.0435065472093985,
          1.0190054331773344,
          1.0228289476759893,
          1.3433880355316095,
          0.0,
          1.0666103021104079,
          1.0915051338016046,
          1.2001582248113078
        ],
        [
          1.040943717861703,
          1.006967369853107,
          0.997660737277865,
          0.9978611136489682,
          0.9969944506399134,
          1.004989298355675,
          1.0069726656317932,
          1.0039243950296979,
          1.0066507710029808,
          1.0083676026919037,
          1.0049356394030193,
          0.9998024459415701,
          0.997509034757917,
          0.9969425780431251,
          1.0065443788265447,
          0.9925793209326537,
          1.0164206653108814,
          0.9836937615021653,
          1.0003473681122872,
          1.0248107706897573,
          1.0136654788197148,
          1.0151227965457341,
          1.0454544200049984,
          1.018608528338227,
          1.0196463026882518,
          1.0468102885717139,
          1.0177468865648784,
          1.0221077862683787,
          1.0847494063993701,
          1.0666103021104079,
          0.0,
          1.330664019533652,
          1.116187864564621
        ],
        [
          1.059666940514068,
          1.0121372769160635,
          0.9972246935634429,
          0.9974055243125224,
          0.996530716413229,
          1.0044976004591024,
          1.0064784848942008,
          1.0034383697197324,
          1.0061569894673708,
          1.0078716814618824,
          1.0044727966166676,
          1.000205901478089,
          0.9970522504351002,
          0.9964672889864475,
          1.0062960946086892,
          0.9921257610355395,
          1.0253746667718575,
          0.9840778028906941,
          1.0034358494590758,
          1.0353260366668273,
          1.0176807690564627,
          1.0224224480754143,
          1.0655824820066304,
          1.0253683789614894,
          1.029229922040705,
          1.0664907896545064,
          1.027276195856688,
          1.0329297295071442,
          1.1177952216070197,
          1.0915051338016046,
          1.330664019533652,
          0.0,
          1.1577003284264982
        ],
        [
          1.0679426178141511,
          1.016698067516254,
          1.0002260419096063,
          1.0004055590356844,
          0.9994943565645414,
          1.007434426687832,
          1.009399513830853,
          1.006381334514041,
          1.0090806100325838,
          1.0107815024283031,
          1.007390539852861,
          1.0034419564101495,
          1.0000438212019493,
          0.99947695914835,
          1.009253077227329,
          0.995162373220677,
          1.0308760882378678,
          0.9874702112764167,
          1.007459990825084,
          1.0414038697457224,
          1.0220032178412943,
          1.027853383759718,
          1.073965591830078,
          1.0303334782665754,
          1.0347260243640013,
          1.073329323052891,
          1.0329848555697836,
          1.038808405987142,
          1.2535597339194866,
          1.2001582248113078,
          1.116187864564621,
          1.1577003284264982,
          0.0
        ]
      ]
    },
    "country": {
      "alphabet": [
        "",
        "Canada",
        "China",
        "Hong_Kong",
        "India",
        "Japan",
        "Mexico",
        "South_Korea",
        "Taiwan",
        "Thailand",
        "USA",
        "Vietnam",
        "?"
      ],
      "equilibrium_probabilities": [
        0.06906987620421036,
        0.07594555772352543,
        0.08592610329729014,
        0.08989106918725734,
        0.09005231308039703,
        0.07524565373693094,
        0.056890805400194006,
        0.07486944568669973,
        0.0781558789216677,
        0.08699554976330212,
        0.11644851780201766,
        0.10050922919650745
      ],
      "rate": 1.3740001148161638,
      "transition_matrix": [
        [
          0.0,
          1.0255681324486767,
          1.4558341285095338,
          1.025259447818401,
          1.0258991387828975,
          0.9893282765800544,
          0.9972344548853685,
          0.9565712283171405,
          0.9989826864626767,
          1.0192414576695576,
          1.738266730307318,
          1.0257821642020817
        ],
        [
          1.0255681324486767,
          0.0,
          0.962172135613126,
          1.0246081308927297,
          1.025443623642772,
          0.9854752418445247,
          0.9933862583756787,
          0.9498493094202852,
          0.9958448167556362,
          1.0181447185553032,
          1.0078011970515983,
          1.0252592207906221
        ],
        [
          1.4558341285095338,
          0.962172135613126,
          0.0,
          1.2583130195513132,
          1.3259869536029028,
          0.9232310299446455,
          1.0132416632440664,
          0.8881646500100374,
          1.3305968472010512,
          1.8276252900273098,
          1.1784067194869952,
          2.184830174061139
        ],
        [
          1.025259447818401,
          1.0246081308927297,
          1.2583130195513132,
          0.0,
          1.025023084484484,
          0.9780137143046217,
          0.9873347529758517,
          0.9367245953308536,
          1.233485219379277,
          1.0165659618198504,
          0.6317184357815814,
          1.0250786923447888
        ],
        [
          1.0258991387828975,
          1.025443623642772,
          1.3259869536029028,
          1.025023084484484,
          0.0,
          0.9786982083931988,
          0.987832763749825,
          0.9372944361783544,
          0.9909942206271056,
          1.0174104569529656,
          0.6312697258804114,
          1.161470786690515
        ],
        [
          0.9893282765800544,
          0.9854752418445247,
          0.9232310299446455,
          0.9780137143046217,
          0.9786982083931988,
          0.0,
          0.9654704248586252,
          0.9190493769970635,
          0.9603997778167026,
          0.9736090866916753,
          1.295633874622376,
          0.973379090980368
        ],
        [
          0.9972344548853685,
          0.9933862583756787,
          1.0132416632440664,
          0.9873347529758517,
          0.987832763749825,
          0.9654704248586252,
          0.0,
          0.9397602789700271,
          0.9717961175467787,
          0.9840448515747237,
          3.185763990910236,
          0.9835230990276929
        ],
        [
          0.9565712283171405,
          0.9498493094202852,
          0.8881646500100374,
          0.9367245953308536,
          0.9372944361783544,
          0.9190493769970635,
          0.9397602789700271,
          0.0,
          0.9239414238680871,
          0.9339939630176451,
          1.5642895474365088,
          0.9278804781901507
        ],
        [
          0.9989826864626767,
          0.9958448167556362,
          1.3305968472010512,
          1.233485219379277,
          0.9909942206271056,
          0.9603997778167026,
          0.9717961175467787,
          0.9239414238680871,
          0.0,
          0.9852595514402211,
          0.9666598905082711,
          0.9872980101505597
        ],
        [
          1.0192414576695576,
          1.0181447185553032,
          1.8276252900273098,
          1.0165659618198504,
          1.0174104569529656,
          0.9736090866916753,
          0.9840448515747237,
          0.9339939630176451,
          0.9852595514402211,
          0.0,
          0.9531270740703401,
          1.239868837041254
        ],
        [
          1.738266730307318,
          1.0078011970515983,
          1.1784067194869952,
          0.6317184357815814,
          0.6312697258804114,
          1.295633874622376,
          3.185763990910236,
          1.5642895474365088,
          0.9666598905082711,
          0.9531270740703401,
          0.0,
          0.6042539321001825
        ],
        [
          1.0257821642020817,
          1.0252592207906221,
          2.184830174061139,
          1.0250786923447888,
          1.161470786690515,
          0.973379090980368,
          0.9835230990276929,
          0.9278804781901507,
          0.9872980101505597,
          1.239868837041254,
          0.6042539321001825,
          0.0
        ]
      ]
    },
    "rflp": {
      "alphabet": [
        "1-1-2",
        "1-1-3",
        "1-1-4",
        "1-10-1",
        "1-10-2",
        "1-10-3",
        "1-10-4",
        "1-115-4",
        "1-12-1",
        "1-12-2",
        "1-12-4",
        "1-13-2",
        "1-153-4",
        "1-16-2",
        "1-16-3",
        "1-16-4",
        "1-17-4",
        "1-18-1",
        "1-18-2",
        "1-18-4",
        "1-19-2",
        "1-19-4",
        "1-19-6",
        "1-2-1",
        "1-2-2",
        "1-2-3",
        "1-2-4",
        "1-2-8",
