{
  "generated_by": {
    "program": "augur",
    "version": "21.1.0"
  },
  "models": {
    "country": {
      "alphabet": [
        "Canada",
        "China",
        "India",
        "Japan",
        "Mexico",
        "Taiwan",
        "Thailand",
        "USA",
        "Vietnam",
        "null",
        "?"
      ],
      "equilibrium_probabilities": [
        0.0828300502225061,
        0.09526561350346939,
        0.10225792374628852,
        0.0676163741346751,
        0.06146505479496928,
        0.10556831550896119,
        0.09847189390980056,
        0.16777578793998474,
        0.11752896798955295,
        0.10122001824979215
      ],
      "rate": 1.3298587059309566,
      "transition_matrix": [
        [
          0.0,
          0.9852186121971396,
          1.0548198392624997,
          1.0087878508670776,
          1.0193312721878907,
          1.022536729092735,
          1.0467519730278922,
          1.0299485768448007,
          1.0545877039461862,
          1.0547861471074875
        ],
        [
          0.9852186121971396,
          0.0,
          1.3520371238428448,
          0.9552283439576678,
          0.9657170681808639,
          1.403399634983088,
          1.8648113808309295,
          1.1987460677300839,
          2.221499881353072,
          1.4578005017384574
        ],
        [
          1.0548198392624997,
          1.3520371238428448,
          0.0,
          0.9987860986701789,
          1.0115182471592998,
          1.0159584892145122,
          1.0455648163294742,
          0.635187910303486,
          1.1962070112587966,
          1.0552920910427392
        ],
        [
          1.0087878508670776,
          0.9552283439576678,
          0.9987860986701789,
          0.0,
          0.9932556313571828,
          1.4611199706182236,
          0.9949241889538148,
          1.7361660690424918,
          0.9907479809965863,
          0.999305789910772
        ],
        [
          1.0193312721878907,
          0.9657170681808639,
          1.0115182471592998,
          0.9932556313571828,
          0.0,
          0.9879913378834041,
          1.0075972046089363,
          3.241014708229055,
          1.0051618624303011,
          1.0119223418535137
        ],
        [
          1.022536729092735,
          1.403399634983088,
          1.0159584892145122,
          1.4611199706182236,
          0.9879913378834041,
          0.0,
          1.0080536682405983,
          0.6060259049784766,
          1.010727677970611,
          1.016344706936816
        ],
        [
          1.0467519730278922,
          1.8648113808309295,
          1.0455648163294742,
          0.9949241889538148,
          1.0075972046089363,
          1.0080536682405983,
          0.0,
          0.9573630225146769,
          1.2758495429848622,
          1.0454089517039977
        ],
        [
          1.0299485768448007,
          1.1987460677300839,
          0.635187910303486,
          1.7361660690424918,
          3.241014708229055,
          0.6060259049784766,
          0.9573630225146769,
          0.0,
          0.5996936955856929,
          0.6385638648673134
        ],
        [
          1.0545877039461862,
          2.221499881353072,
          1.1962070112587966,
          0.9907479809965863,
          1.0051618624303011,
          1.010727677970611,
          1.2758495429848622,
          0.5996936955856929,
          0.0,
          1.0551228071672514
        ],
        [
          1.0547861471074875,
          1.4578005017384574,
          1.0552920910427392,
          0.999305789910772,
          1.0119223418535137,
          1.016344706936816,
          1.0454089517039977,
          0.6385638648673134,
          1.0551228071672514,
          0.0
        ]
      ]
    },
    "lineage": {
      "alphabet": [
        "L10",
        "L1A",
        "L1B",
        "L1C-unclade",
        "L1C.1",
        "L1C.2",
        "L1C.3",
        "L1C.4",
        "L1C.5",
        "L1D",
        "L1E",
        "L1F",
        "L1H",
        "L1I",
        "L2",
        "L3",
        "L4",
        "L5A",
        "L5B",
        "L6",
        "L7",
        "L8A",
        "L8B",
        "L8C",
        "L8D",
        "L8E",
        "L9A",
        "L9B",
        "L9C",
        "L9D",
        "L9E",
        "?"
      ],
      "equilibrium_probabilities": [
        0.03189110087136164,
        0.0324707229102625,
        0.03260541631728067,
        0.0337033885805235,
        0.031354378799047254,
        0.031998295885289824,
        0.03221179212407358,
        0.032024468969667264,
        0.03188857320075216,
        0.03176615743622029,
        0.03211595790596476,
        0.03292894388604968,
        0.03283469986727781,
        0.03147336636391661,
        0.03240016587812527,
        0.03356872332227694,
        0.03168883670368861,
        0.03199409147816317,
        0.03198601199477926,
        0.0324168418670235,
        0.03179468799363447,
        0.0321622083027761,
        0.03254358630266141,
        0.032041264316520456,
        0.0325061806485624,
        0.03253526721051187,
        0.03239463382746371,
        0.032036824326791065,
        0.03237427994912204,
        0.0323271868350531,
        0.03196194592515928
      ],
      "rate": 1.8184090470811,
      "transition_matrix": [
        [
          0.0,
          0.9985457612213463,
          0.9982889255015523,
          0.9984919537479713,
          1.005038025505465,
          1.0075642964613494,
          1.0045462331285833,
          1.0071937303650436,
          1.009119376043858,
          1.0070929815305307,
          1.0005757338880459,
          1.0028616266033834,
          0.9974412135351399,
          1.0108225119723935,
          1.0283028298567713,
          0.983673684618364,
          1.1758308224869563,
          1.0141145322065932,
          1.0153578421318277,
          1.003538355166562,
          1.2157193593395832,
          1.0077380728731653,
          1.003054795039279,
          1.0097119433055148,
          1.0614299500344953,
          1.0033313026701434,
          1.0461047805233057,
          1.026023966800769,
          1.031464749852617,
          1.1220928453345587,
          1.028812235041809
        ],
        [
          0.9985457612213463,
          0.0,
          1.3500643946597686,
          1.026383703500021,
          0.9948557360356541,
          0.9971214012014854,
          0.9940440536047477,
          0.9967435215568212,
          0.998719120445246,
          1.0471363064893382,
          1.1090090025404764,
          1.0444068575155554,
          1.0002577558686312,
          1.246909058186744,
          0.993802148993249,
          0.9728387661706507,
          1.0427888034616815,
          0.9976963964061291,
          0.9974836511113522,
          0.9929100565383276,
          0.9995697365170501,
          0.9962547909028504,
          0.9908646009756631,
          0.9952188845891166,
          0.9900752118825865,
          0.9913418615863542,
          0.9864764816822704,
          0.9955241881550017,
          0.9918647043085876,
          0.9910735298512477,
          0.9946143394356355
        ],
        [
          0.9982889255015523,
          1.3500643946597686,
          0.0,
          1.006682656844373,
          0.994566395346762,
          0.9968549027500964,
          0.9937656614297786,
          0.9964755576902934,
          0.9984525327324392,
          1.0229278143269256,
          1.057568830047309,
          1.0179064075596191,
          0.9929872262902075,
          1.1504064144082038,
          0.9935222052722318,
          0.9724482810276951,
          1.0177178810151766,
          0.9974360681205536,
          0.9972220627147649,
          0.9926362334733151,
          0.9993169016987181,
          0.995993960418836,
          0.990582798685092,
          0.994954839686788,
          0.9897873894351475,
          0.9910617671432295,
          0.9861783242107207,
          0.9952603266115907,
          0.9915855994164874,
          0.9907893514426857,
          0.994347431412555
        ],
        [
          0.9984919537479713,
          1.026383703500021,
          1.006682656844373,
          0.0,
          2.4892303942850376,
          1.4950342289271819,
          1.4911197867627062,
          1.4950210910297042,
          1.4981087209250967,
          1.2469739065636818,
          1.0369696813306521,
          1.0857567414424991,
          1.0574830398996011,
          1.1826404879831935,
          0.9935724916143217,
          0.9718122066097714,
          1.0078485573777116,
          0.9976123603542306,
          0.9973905610329186,
          0.9926618477467689,
          0.9995528333793426,
          0.9961275971607997,
          0.9905416856109563,
          0.995050167232521,
          0.9897168841544627,
          0.991036626349491,
          0.9859850742272085,
          0.995365518604744,
          0.9915736268120784,
          0.9907484707642334,
          0.9944199120556471
        ],
        [
          1.005038025505465,
          0.9948557360356541,
          0.994566395346762,
          2.4892303942850376,
          0.0,
          1.0045134441568744,
          1.0006845108717461,
          1.003287990649185,
          1.0051830285001755,
          1.003442236618728,
          0.9968447145934184,
          0.9991382152251435,
          0.9937967535581489,
          1.0070488865837328,
          1.0004833234020452,
          0.9801075282010053,
          0.9958388874653266,
          1.0042266499380144,
          1.0040157214455596,
          0.9996361103722721,
          1.0060205854412931,
          1.0028626886190222,
          0.9976615320560517,
          1.0018267318581227,
          0.9968727312031365,
          0.998126380838002,
          0.9933349523016366,
          1.002120751554159,
          0.9986027562898251,
          0.9978150517263112,
          1.001217888536048
        ],
        [
          1.0075642964613494,
          0.9971214012014854,
          0.9968549027500964,
          1.4950342289271819,
          1.0045134441568744,
          0.0,
          1.0031239075851004,
          1.0057789898499145,
          1.0077105744074288,
          1.0057592922790755,
          0.9991259500594121,
          1.0014669620196903,
          0.9960315738805939,
          1.0094666878207073,
          1.0029358705160825,
          0.9821431763340699,
          0.9980869097244047,
          1.0067405799497515,
          1.0065235909365415,
          1.0020675130263519,
          1.0085638689838772,
          1.0053559092907216,
          1.0000543898925378,
          1.0042833919884444,
          0.9992423950615669,
          1.0005302061313528,
          0.995605893449535,
          1.0045841047650002,
          1.0010049384608641,
          1.0001940085837193,
          1.0036524322960079
        ],
        [
          1.0045462331285833,
          0.9940440536047477,
          0.9937656614297786,
          1.4911197867627062,
          1.0006845108717461,
          1.0031239075851004,
          0.0,
          1.0027494408381457,
          1.0046948469023826,
          1.0027507168718366,
          0.9960820914268635,
          0.9983496575264436,
          0.9929211408759583,
          1.006487920483655,
          0.9998686081840152,
          0.9789649914504979,
          0.9950800117189925,
          1.0037127892936535,
          1.0034963578561518,
          0.9989995177978114,
          1.0055553945922766,
          1.0023119223217192,
          0.9969723813841156,
          1.0012496760410037,
          0.9961634109313292,
          0.9974494098038403,
          0.9925352273144301,
          1.0015515653538882,
          0.9979393653735961,
          0.9971313475347076,
          1.0006255146553762
        ],
        [
          1.0071937303650436,
          0.9967435215568212,
          0.9964755576902934,
          1.4950210910297042,
          1.003287990649185,
          1.0057789898499145,
          1.0027494408381457,
          0.0,
          1.007340135159598,
          1.0053898468723017,
          0.9987522026632984,
          1.0010841649891964,
          0.9956496071387104,
          1.0091009603462322,
          1.002559241683594,
          0.9817528561334571,
          0.9977177113499195,
          1.0063688156468558,
          1.0061518949989878,
          1.0016907916113165,
          1.0081944847427655,
          1.0049821486780357,
          0.9996759404013225,
          1.0039108940422399,
          0.9988643164348521,
          1.0001519064655844,
          0.9952288333589192,
          1.004211752145499,
          1.0006285137418922,
          0.9998179403890743,
          1.0032807702400777
        ],
        [
          1.009119376043858,
          0.998719120445246,
          0.9984525327324392,
          1.4981087209250967,
          1.0051830285001755,
          1.0077105744074288,
          1.0046948469023826,
          1.007340135159598,
          0.0,
          1.007388501210248,
          1.0007094739473106,
          1.0031002878264108,
          0.9976558459579684,
          1.0110602620225544,
          1.0045164807569993,
          0.983781521052429,
          0.9996421552521247,
          1.008300703452983,
          1.0080834291591927,
          1.0036485084767153,
          1.0101139722938495,
          1.006924433412959,
          1.0016426695760532,
          1.0058466144595655,
          1.000829122704381,
          1.002117851585621,
          0.997188363324478,
          1.0061467144204497,
          1.0025846972097738,
          1.0017722730974583,
          1.0052121440742834
        ],
        [
          1.0070929815305307,
          1.0471363064893382,
          1.0229278143269256,
          1.2469739065636818,
          1.003442236618728,
          1.0057592922790755,
          1.0027507168718366,
          1.0053898468723017,
          1.007388501210248,
          0.0,
          1.0589885827336536,
          1.1268457792179165,
          1.4135608299643283,
          1.2209141513842103,
          1.0024959720177773,
          0.9818683132869334,
          1.0235046045225276,
          1.0062733112186928,
          1.0060589319808326,
          1.0016203095893315,
          1.0080869460713722,
          1.004887750625619,
          0.9996194208726149,
          1.00382585051501,
          0.9988198169740448,
          1.0000919591946067,
          0.9952100572539768,
          1.0041259677252938,
          1.000568763250416,
          0.9997693845110964,
          1.0032030728935304
        ],
        [
          1.0005757338880459,
          1.1090090025404764,
          1.057568830047309,
          1.0369696813306521,
          0.9968447145934184,
          0.9991259500594121,
          0.9960820914268635,
          0.9987522026632984,
          1.0007094739473106,
          1.0589885827336536,
          0.0,
          1.0582074869391775,
          1.0055673602660142,
          1.2747457075404642,
          0.995914572531647,
          0.9757711332209102,
          1.3917246742774383,
          0.9997398404978212,
          0.9995321137734767,
          0.9949648273569588,
          1.0015879694463943,
          0.998273904027201,
          0.9929429104143251,
          0.9972404719946777,
          0.9921830728732144,
          0.9934161617468464,
          0.988592810853433,
          0.9975500714365911,
          0.9939391939760527,
          0.9931706088576786,
          0.9966447889729679
        ],
        [
          1.0028616266033834,
          1.0444068575155554,
          1.0179064075596191,
          1.0857567414424991,
          0.9991382152251435,
          1.0014669620196903,
          0.9983496575264436,
          1.0010841649891964,
          1.0031002878264108,
          1.1268457792179165,
          1.0582074869391775,
          0.0,
          1.0230480886134328,
          1.2512146920347407,
          0.9980784050370711,
          0.9767658818591766,
          1.0191219687915551,
          1.0020072653187655,
          1.001787966963626,
          0.9971773570970938,
          1.0038950454257853,
          1.0005621778513394,
          0.9951033393690185,
          0.9994857260782408,
          0.9942876013037779,
          0.9955902772327869,
          0.9905943374377688,
          0.9997962084909671,
          0.9961006065100546,
          0.9952844663055421,
          0.9988568123322435
        ],
        [
          0.9974412135351399,
          1.0002577558686312,
          0.9929872262902075,
          1.0574830398996011,
          0.9937967535581489,
          0.9960315738805939,
          0.9929211408759583,
          0.9956496071387104,
          0.9976558459579684,
          1.4135608299643283,
          1.0055673602660142,
          1.0230480886134328,
          0.0,
          1.0661783769445734,
          0.992633170474941,
          0.9714022874097774,
          0.9944751135829293,
          0.9965817314725515,
          0.9963660517484841,
          0.9917545860729446,
          0.9984766095467328,
          0.995135027203976,
          0.9896870058497548,
          0.9940928283546309,
          0.9888840766214396,
          0.9901687270194336,
          0.9852608600064137,
          0.9943990820385143,
          0.9906968448576025,
          0.9898943994950127,
          0.9934827729301867
        ],
        [
          1.0108225119723935,
          1.246909058186744,
          1.1504064144082038,
          1.1826404879831935,
          1.0070488865837328,
          1.0094666878207073,
          1.006487920483655,
          1.0091009603462322,
          1.0110602620225544,
          1.2209141513842103,
          1.2747457075404642,
          1.2512146920347407,
          1.0661783769445734,
          0.0,
          1.0063031454708826,
          0.985995387607304,
          1.142148041980092,
          1.0100158896191258,
          1.0098028473212342,
          1.0053992397234883,
          1.0118040851731407,
          1.0086335887034747,
          1.0034178944536958,
          1.007560880632025,
          1.0026269740948024,
          1.0038884404555513,
          0.9990066305507922,
          1.007862906791757,
          1.004351993532737,
          1.0035577929899868,
          1.0069351543378833
        ],
        [
          1.0283028298567713,
          0.993802148993249,
          0.9935222052722318,
          0.9935724916143217,
          1.0004833234020452,
          1.0029358705160825,
          0.9998686081840152,
          1.002559241683594,
          1.0045164807569993,
          1.0024959720177773,
          0.995914572531647,
          0.9980784050370711,
          0.992633170474941,
          1.0063031454708826,
          0.0,
          0.9787087970320851,
          1.3627714429355502,
          1.2332070268442474,
          1.2637993420542326,
          0.9988014017932554,
          1.0309616923392737,
          1.0023275496606523,
          0.9970909733623838,
          1.0019554421947499,
          1.0098716910879397,
          0.9975245861602083,
          1.0037500353222681,
          1.006021597578202,
          1.0044473249960548,
          1.024579435752731,
          1.0059891332769055
        ],
        [
          0.983673684618364,
          0.9728387661706507,
          0.9724482810276951,
          0.9718122066097714,
          0.9801075282010053,
          0.9821431763340699,
          0.9789649914504979,
          0.9817528561334571,
          0.983781521052429,
          0.9818683132869334,
          0.9757711332209102,
          0.9767658818591766,
          0.9714022874097774,
          0.985995387607304,
          0.9787087970320851,
          0.0,
          1.4622460965900643,
          0.9827834946994513,
          0.9825768316138032,
          0.9777637974835057,
          0.9847435228529665,
          0.9812225666860256,
          0.9756541740470516,
          0.9802380925815071,
          0.9749022351428333,
          0.9761367806087758,
          0.9713367168499397,
          0.9805542699221971,
          0.9767427292366799,
          0.9759817570554677,
          0.9796734248722471
        ],
        [
          1.1758308224869563,
          1.0427888034616815,
          1.0177178810151766,
          1.0078485573777116,
          0.9958388874653266,
          0.9980869097244047,
          0.9950800117189925,
          0.9977177113499195,
          0.9996421552521247,
          1.0235046045225276,
          1.3917246742774383,
          1.0191219687915551,
          0.9944751135829293,
          1.142148041980092,
          1.3627714429355502,
          1.4622460965900643,
          0.0,
          1.1416698677975188,
          1.1636405873989921,
          0.9940276568850148,
          1.1850628014353495,
          0.9990737122762106,
          0.9948801337360081,
          1.003337690442098,
          1.0956579310678312,
          0.9950185562169155,
          1.0594147942658882,
          1.0282193875652375,
          1.03981281964821,
          1.1591798123242403,
          1.0328377798834925
        ],
        [
          1.0141145322065932,
          0.9976963964061291,
          0.9974360681205536,
          0.9976123603542306,
          1.0042266499380144,
          1.0067405799497515,
          1.0037127892936535,
          1.0063688156468558,
          1.008300703452983,
          1.0062733112186928,
          0.9997398404978212,
          1.0020072653187655,
          0.9965817314725515,
          1.0100158896191258,
          1.2332070268442474,
          0.9827834946994513,
          1.1416698677975188,
          0.0,
          1.282845501034133,
          1.002665805312295,
          1.015619207541915,
          1.005995734477682,
          1.0007252087859508,
          1.005088943593386,
          1.0032559818009676,
          1.0011900715232933,
          0.9992602288477989,
          1.0063762144230084,
          1.0033090958040136,
          1.0084790871860914,
          1.0056847105657307
        ],
        [
          1.0153578421318277,
          0.9974836511113522,
          0.9972220627147649,
          0.9973905610329186,
          1.0040157214455596,
          1.0065235909365415,
          1.0034963578561518,
          1.0061518949989878,
          1.0080834291591927,
          1.0060589319808326,
          0.9995321137734767,
          1.001787966963626,
          0.9963660517484841,
          1.0098028473212342,
          1.2637993420542326,
          0.9825768316138032,
          1.1636405873989921,
          1.282845501034133,
          0.0,
          1.0024496314434883,
          1.0169637437167711,
          1.005790795714427,
          1.0005294841127652,
          1.0049280419278819,
          1.0038914731302635,
          1.0009912685398215,
          0.9997525759029158,
          1.0064462512502923,
          1.0035055538529856,
          1.0099628231356907,
          1.0058105113598572
        ],
        [
          1.003538355166562,
          0.9929100565383276,
          0.9926362334733151,
          0.9926618477467689,
          0.9996361103722721,
          1.0020675130263519,
          0.9989995177978114,
          1.0016907916113165,
          1.0036485084767153,
          1.0016203095893315,
          0.9949648273569588,
          0.9971773570970938,
          0.9917545860729446,
          1.0053992397234883,
          0.9988014017932554,
          0.9777637974835057,
          0.9940276568850148,
          1.002665805312295,
          1.0024496314434883,
          0.0,
          1.0045556696871714,
          1.0012543459499956,
          0.9958825133251573,
          1.000197134673266,
          0.9950952296085216,
          0.9963610955955539,
          0.9914487339098756,
          1.0005049845297043,
          0.9968781888736762,
          1.4943066928900264,
          0.9995841420412281
        ],
        [
          1.2157193593395832,
          0.9995697365170501,
          0.9993169016987181,
          0.9995528333793426,
          1.0060205854412931,
          1.0085638689838772,
          1.0055553945922766,
          1.0081944847427655,
          1.0101139722938495,
          1.0080869460713722,
          1.0015879694463943,
          1.0038950454257853,
          0.9984766095467328,
          1.0118040851731407,
          1.0309616923392737,
          0.9847435228529665,
          1.1850628014353495,
          1.015619207541915,
          1.0169637437167711,
          1.0045556696871714,
          0.0,
          1.0088323710683618,
          1.0042133555160202,
          1.011028261670211,
          1.0667293868065186,
          1.0044762243979992,
          1.049589387580095,
          1.0282416633894935,
          1.0343179858790406,
          1.1284007699057,
          1.031190371531156
        ],
        [
          1.0077380728731653,
          0.9962547909028504,
          0.995993960418836,
          0.9961275971607997,
          1.0028626886190222,
          1.0053559092907216,
          1.0023119223217192,
          1.0049821486780357,
          1.006924433412959,
          1.004887750625619,
          0.998273904027201,
          1.0005621778513394,
          0.995135027203976,
          1.0086335887034747,
          1.0023275496606523,
          0.9812225666860256,
          0.9990737122762106,
          1.005995734477682,
          1.005790795714427,
          1.0012543459499956,
          1.0088323710683618,
          0.0,
          1.24569619314834,
          1.212502166173542,
          1.0002659193918642,
          1.1026679852678192,
          1.0219198573279062,
          1.0154827136490012,
          1.002350400986853,
          1.0134577158720142,
          1.0758612703863037
        ],
        [
          1.003054795039279,
          0.9908646009756631,
          0.990582798685092,
          0.9905416856109563,
          0.9976615320560517,
          1.0000543898925378,
          0.9969723813841156,
          0.9996759404013225,
          1.0016426695760532,
          0.9996194208726149,
          0.9929429104143251,
          0.9951033393690185,
          0.9896870058497548,
          1.0034178944536958,
          0.9970909733623838,
          0.9756541740470516,
          0.9948801337360081,
          1.0007252087859508,
          1.0005294841127652,
          0.9958825133251573,
          1.0042133555160202,
          1.24569619314834,
          0.0,
          1.2658230042312713,
          0.9960067787948462,
          1.1437146089502817,
          1.0286751294820686,
          1.0158296633423276,
          0.9982082428667518,
          1.0146905083157718,
          1.0990538321716896
        ],
        [
          1.0097119433055148,
          0.9952188845891166,
          0.994954839686788,
          0.995050167232521,
          1.0018267318581227,
          1.0042833919884444,
          1.0012496760410037,
          1.0039108940422399,
          1.0058466144595655,
          1.00382585051501,
          0.9972404719946777,
          0.9994857260782408,
          0.9940928283546309,
          1.007560880632025,
          1.0019554421947499,
          0.9802380925815071,
          1.003337690442098,
          1.005088943593386,
          1.0049280419278819,
          1.000197134673266,
          1.011028261670211,
          1.212502166173542,
          1.2658230042312713,
          0.0,
          1.0048814952148761,
          1.268410389260048,
          1.076461011103396,
          1.0406486779343562,
          1.007259853958337,
          1.0426399878443033,
          1.2058364226557532
        ],
        [
          1.0614299500344953,
          0.9900752118825865,
          0.9897873894351475,
          0.9897168841544627,
          0.9968727312031365,
          0.9992423950615669,
          0.9961634109313292,
          0.9988643164348521,
          1.000829122704381,
          0.9988198169740448,
          0.9921830728732144,
          0.9942876013037779,
          0.9888840766214396,
          1.0026269740948024,
          1.0098716910879397,
          0.9749022351428333,
          1.0956579310678312,
          1.0032559818009676,
          1.0038914731302635,
          0.9950952296085216,
          1.0667293868065186,
          1.0002659193918642,
          0.9960067787948462,
          1.0048814952148761,
          0.0,
          0.9961231041951754,
          1.0740424343383286,
          1.033408957655706,
          1.0460785644682034,
          1.1975374125514875,
          1.038726247948513
        ],
        [
          1.0033313026701434,
          0.9913418615863542,
          0.9910617671432295,
          0.991036626349491,
          0.998126380838002,
          1.0005302061313528,
          0.9974494098038403,
          1.0001519064655844,
          1.002117851585621,
          1.0000919591946067,
          0.9934161617468464,
          0.9955902772327869,
          0.9901687270194336,
          1.0038884404555513,
          0.9975245861602083,
          0.9761367806087758,
          0.9950185562169155,
          1.0011900715232933,
          1.0009912685398215,
          0.9963610955955539,
          1.0044762243979992,
          1.1026679852678192,
          1.1437146089502817,
          1.268410389260048,
          0.9961231041951754,
          0.0,
          1.0267995672717962,
          1.0149930026008707,
          0.9983266428223776,
          1.013753609116768,
          1.095508948022955
        ],
        [
          1.0461047805233057,
          0.9864764816822704,
          0.9861783242107207,
          0.9859850742272085,
          0.9933349523016366,
          0.995605893449535,
          0.9925352273144301,
          0.9952288333589192,
          0.997188363324478,
          0.9952100572539768,
          0.988592810853433,
          0.9905943374377688,
          0.9852608600064137,
          0.9990066305507922,
          1.0037500353222681,
          0.9713367168499397,
          1.0594147942658882,
          0.9992602288477989,
          0.9997525759029158,
          0.9914487339098756,
          1.049589387580095,
          1.0219198573279062,
          1.0286751294820686,
          1.076461011103396,
          1.0740424343383286,
          1.0267995672717962,
          0.0,
          1.295354606372655,
          1.0652632852641026,
          1.7372825323907755,
          1.247118192271375
        ],
        [
          1.026023966800769,
          0.9955241881550017,
          0.9952603266115907,
          0.995365518604744,
          1.002120751554159,
          1.0045841047650002,
          1.0015515653538882,
          1.004211752145499,
          1.0061467144204497,
          1.0041259677252938,
          0.9975500714365911,
          0.9997962084909671,
          0.9943990820385143,
          1.007862906791757,
          1.006021597578202,
          0.9805542699221971,
          1.0282193875652375,
          1.0063762144230084,
          1.0064462512502923,
          1.0005049845297043,
          1.0282416633894935,
          1.0154827136490012,
          1.0158296633423276,
          1.0406486779343562,
          1.033408957655706,
          1.0149930026008707,
          1.295354606372655,
          0.0,
          1.0342116141870898,
          1.136737881926662,
          1.1398047289656372
        ],
        [
          1.031464749852617,
          0.9918647043085876,
          0.9915855994164874,
          0.9915736268120784,
          0.9986027562898251,
          1.0010049384608641,
          0.9979393653735961,
          1.0006285137418922,
          1.0025846972097738,
          1.000568763250416,
          0.9939391939760527,
          0.9961006065100546,
          0.9906968448576025,
          1.004351993532737,
          1.0044473249960548,
          0.9767427292366799,
          1.03981281964821,
          1.0033090958040136,
          1.0035055538529856,
          0.9968781888736762,
          1.0343179858790406,
          1.002350400986853,
          0.9982082428667518,
          1.007259853958337,
          1.0460785644682034,
          0.9983266428223776,
          1.0652632852641026,
          1.0342116141870898,
          0.0,
          1.369862790245369,
          1.0381902375503638
        ],
        [
          1.1220928453345587,
          0.9910735298512477,
          0.9907893514426857,
          0.9907484707642334,
          0.9978150517263112,
          1.0001940085837193,
          0.9971313475347076,
          0.9998179403890743,
          1.0017722730974583,
          0.9997693845110964,
          0.9931706088576786,
          0.9952844663055421,
          0.9898943994950127,
          1.0035577929899868,
          1.024579435752731,
          0.9759817570554677,
          1.1591798123242403,
          1.0084790871860914,
          1.0099628231356907,
          1.4943066928900264,
          1.1284007699057,
          1.0134577158720142,
          1.0146905083157718,
          1.0426399878443033,
          1.1975374125514875,
          1.013753609116768,
          1.7372825323907755,
          1.136737881926662,
          1.369862790245369,
          0.0,
          1.1496284753627257
        ],
        [
          1.028812235041809,
          0.9946143394356355,
          0.994347431412555,
          0.9944199120556471,
          1.001217888536048,
          1.0036524322960079,
          1.0006255146553762,
          1.0032807702400777,
          1.0052121440742834,
          1.0032030728935304,
          0.9966447889729679,
          0.9988568123322435,
          0.9934827729301867,
          1.0069351543378833,
          1.0059891332769055,
          0.9796734248722471,
          1.0328377798834925,
          1.0056847105657307,
          1.0058105113598572,
          0.9995841420412281,
          1.031190371531156,
          1.0758612703863037,
          1.0990538321716896,
          1.2058364226557532,
          1.038726247948513,
          1.095508948022955,
          1.247118192271375,
          1.1398047289656372,
          1.0381902375503638,
          1.1496284753627257,
          0.0
        ]
      ]
    },
    "rflp": {
      "alphabet": [
        "1-1-2",
        "1-1-3",
        "1-1-4",
        "1-10-1",
        "1-10-2",
        "1-10-4",
        "1-12-1",
        "1-12-2",
        "1-12-4",
        "1-13-2",
        "1-153-4",
        "1-16-2",
        "1-16-3",
        "1-16-4",
        "1-17-4",
        "1-18-1",
        "1-18-2",
        "1-18-4",
        "1-19-2",
        "1-19-4",
        "1-19-6",
        "1-2-1",
        "1-2-2",
        "1-2-3",
        "1-2-4",
        "1-2-8",
        "1-20-4",
        "1-22-2",
        "1-24-4",
        "1-25-4",
        "1-26-2",
        "1-27-2",
        "1-3-1",
        "1-3-19",
        "1-3-2",
        "1-3-3",
        "1-3-4",
        "1-3-6",
        "1-3-7",
        "1-30-2",
        "1-30-4",
        "1-33-2",
        "1-37-2",
        "1-39-2",
        "1-4-1",
        "1-4-2",
        "1-4-3",
        "1-4-4",
        "1-4-6",
        "1-4-8",
        "1-5-1",
        "1-5-3",
        "1-55-4",
        "1-6-1",
        "1-6-2",
        "1-6-3",
        "1-6-4",
        "1-7-1",
        "1-7-2",
        "1-7-3",
        "1-7-4",
        "1-79-4",
        "1-8-2",
        "1-8-3",
        "1-8-4",
        "1-84-4",
        "1-X-4",
        "2-5-2",
        "2-6-2",
        "2-71-2",
        "?"
      ],
      "equilibrium_probabilities": [
        0.0143517352118968,
        0.015835790306183376,
        0.014859985428184239,
        0.015662867523071715,
        0.01460181206968547,
        0.0154416505938414,
        0.015334883427543399,
        0.01509494170521403,
        0.013191127364362716,
        0.01576937087788679,
        0.01509504776344436,
        0.015111565431223127,
        0.015088864464436613,
        0.01280637980501049,
        0.015386118924164286,
        0.01592432380977435,
        0.0157538239324616,
        0.014763160316456848,
        0.015798760444501896,
        0.015801207200280356,
        0.015797392085540332,
        0.015094658131057816,
        0.011405839616029458,
        0.014781512260806276,
        0.010465503200313994,
        0.01548425795656121,
        0.015523234858510057,
        0.014865265289489405,
        0.01580453557055639,
        0.014731969943474851,
        0.015997898277065544,
        0.01547113828875672,
        0.013653838143425918,
        0.015152728333318594,
        0.008769594948223443,
        0.015337310488466142,
        0.008184749818612254,
        0.01532862322595327,
        0.014940449093433976,
        0.015485626455147273,
        0.015496645565832391,
        0.014946189436974537,
        0.015484824979595168,
        0.015606664871061722,
        0.011554323135365625,
        0.006866469654285386,
        0.010100825718708028,
        0.00564581876273977,
        0.014938976274957792,
        0.015277421117213709,
        0.015349204172052848,
        0.015721980222315496,
        0.014767253705020127,
        0.01566288291621248,
        0.015653736105944914,
        0.015293783516803773,
        0.015662272971264102,
        0.015637690253399058,
        0.014061247574910726,
        0.01574347901255455,
        0.009291583300525121,
        0.015799699312434173,
        0.012670826971281643,
        0.013397487826594919,
        0.008746928104685166,
        0.014747242157770696,
        0.015331537137707362,
        0.015059385181701863,
        0.015764902519666946,
        0.01576917493605319
      ],
      "rate": 12.641468015273132,
      "transition_matrix": [
        [
          0.0,
          0.9879695119798969,
          0.9878885135482095,
          0.9879835438973431,
          0.9881540373734061,
          0.9882864162785837,
          0.9880468127505554,
          0.988095098604462,
          0.9876045939867799,
          0.9880939707533154,
          0.9880944458472227,
          0.9878782447747021,
          0.9881675146170253,
          0.9882563329782411,
          0.9878317186926034,
          0.9880511041879856,
          0.9884619741250764,
          0.9873356239117534,
          0.9882379896914371,
          0.9882727069163578,
          0.9882373304251798,
          0.9883060617307912,
          0.9872696089849622,
          0.9878138168281694,
          1.500860937684479,
          0.9881252845087558,
          0.9874665952884405,
          0.9873870112426473,
          0.9882558003500348,
          0.9881409523742666,
          1.4813699600599095,
          0.9953863700441912,
          1.3118556537680464,
          0.9884402717986682,
          2.949316663381404,
          0.9870968651887772,
          0.9783975125245836,
          0.9880894319866268,
          0.9881725576365664,
          0.988011766046841,
          0.9878295063588869,
          0.9881030360541032,
          0.987839694850708,
          0.9881274710726634,
          0.9874530221264499,
          1.869451108016868,
          0.9860682888236887,
          1.0145536075871755,
          0.9881905869252886,
          0.9881289666308994,
          0.9879540271637726,
          0.9880831327780442,
          0.9878820613513396,
          0.9881369823318941,
          0.9881884115494138,
          0.9843769047933599,
          0.9882720260353984,
          0.988149324135203,
          0.9875992673755943,
          0.9879599406960762,
          0.984417679354663,
          0.987943489099627,
          0.9888109158648547,
          0.9884650260503468,
          1.0126208248042399,
          0.9881470518424215,
          0.9880888671158151,
          0.9870288880931518,
          0.9880924424082621,
          0.9880496620205396
        ],
        [
          0.9879695119798969,
          0.0,
          0.9890634491180361,
          0.9893117873464752,
          0.9893997132595378,
          0.9896218896213752,
          0.9893522593075479,
          0.989388552936392,
          0.9886888218800151,
          0.9894389666493176,
