{
  "generated_by": {
    "program": "augur",
    "version": "21.1.0"
  },
  "models": {
    "country": {
      "alphabet": [
        "Canada",
        "China",
        "India",
        "Japan",
        "Mexico",
        "Taiwan",
        "Thailand",
        "USA",
        "Vietnam",
        "null",
        "?"
      ],
      "equilibrium_probabilities": [
        0.08239887633166411,
        0.10135904360820741,
        0.10060196905052193,
        0.07996378596543179,
        0.061194660281644185,
        0.10676772894280177,
        0.09794586938585485,
        0.15895834502145648,
        0.11637974005987697,
        0.09442998135254055
      ],
      "rate": 1.29267753789421,
      "transition_matrix": [
        [
          0.0,
          0.9900028402314724,
          1.0588307703349285,
          1.013786689096964,
          1.0228485806088181,
          1.0272766621393001,
          1.0506712008222672,
          1.0343054692854077,
          1.0586168891265557,
          1.0588150576973119
        ],
        [
          0.9900028402314724,
          0.0,
          1.4643967562953322,
          1.16022144208188,
          1.0398988715273525,
          1.2452940785972393,
          1.873864581129452,
          1.0698549210085688,
          2.258164363044228,
          1.4507661085599375
        ],
        [
          1.0588307703349285,
          1.4643967562953322,
          0.0,
          1.004908640410423,
          1.0153905081025962,
          1.0213656641397337,
          1.0493510716866967,
          0.6406155316538907,
          1.0592546928273407,
          1.0592449903438181
        ],
        [
          1.013786689096964,
          1.16022144208188,
          1.004908640410423,
          0.0,
          0.9924656896875649,
          1.402877082601523,
          0.9993231225192551,
          1.321184919795143,
          0.9972514941841321,
          1.008099883429178
        ],
        [
          1.0228485806088181,
          1.0398988715273525,
          1.0153905081025962,
          0.9924656896875649,
          0.0,
          0.9911958211833007,
          1.0110084405271256,
          3.241299465303975,
          1.00877111966522,
          1.0595766856597884
        ],
        [
          1.0272766621393001,
          1.2452940785972393,
          1.0213656641397337,
          1.402877082601523,
          0.9911958211833007,
          0.0,
          1.0127370675671346,
          0.6045181885140622,
          1.016107212707669,
          1.023483519360662
        ],
        [
          1.0506712008222672,
          1.873864581129452,
          1.0493510716866967,
          0.9993231225192551,
          1.0110084405271256,
          1.0127370675671346,
          0.0,
          0.9618941363430743,
          1.2786223422256637,
          1.05001813319417
        ],
        [
          1.0343054692854077,
          1.0698549210085688,
          0.6406155316538907,
          1.321184919795143,
          3.241299465303975,
          0.6045181885140622,
          0.9618941363430743,
          0.0,
          0.6034120848858934,
          0.73963533490251
        ],
        [
          1.0586168891265557,
          2.258164363044228,
          1.0592546928273407,
          0.9972514941841321,
          1.00877111966522,
          1.016107212707669,
          1.2786223422256637,
          0.6034120848858934,
          0.0,
          1.059182494331756
        ],
        [
          1.0588150576973119,
          1.4507661085599375,
          1.0592449903438181,
          1.008099883429178,
          1.0595766856597884,
          1.023483519360662,
          1.05001813319417,
          0.73963533490251,
          1.059182494331756,
          0.0
        ]
      ]
    },
    "rflp": {
      "alphabet": [
        "1-1-2",
        "1-1-3",
        "1-1-4",
        "1-10-1",
        "1-10-2",
        "1-10-4",
        "1-12-1",
        "1-12-2",
        "1-12-4",
        "1-13-2",
        "1-153-4",
        "1-16-2",
        "1-16-3",
        "1-16-4",
        "1-17-4",
        "1-18-1",
        "1-18-2",
        "1-18-4",
        "1-19-2",
        "1-19-4",
        "1-19-6",
        "1-2-1",
        "1-2-2",
        "1-2-3",
        "1-2-4",
        "1-2-8",
        "1-20-4",
        "1-22-2",
        "1-24-4",
        "1-25-4",
        "1-26-2",
        "1-27-2",
        "1-3-1",
        "1-3-19",
        "1-3-2",
        "1-3-3",
        "1-3-4",
        "1-3-6",
        "1-3-7",
        "1-30-2",
        "1-30-4",
        "1-33-2",
        "1-37-2",
        "1-39-2",
        "1-4-1",
        "1-4-2",
        "1-4-3",
        "1-4-4",
        "1-4-6",
        "1-4-8",
        "1-5-1",
        "1-5-3",
        "1-55-4",
        "1-6-1",
        "1-6-2",
        "1-6-3",
        "1-6-4",
        "1-7-1",
        "1-7-2",
        "1-7-3",
        "1-7-4",
        "1-79-4",
        "1-8-2",
        "1-8-3",
        "1-8-4",
        "1-84-4",
        "1-X-4",
        "2-5-2",
        "2-6-2",
        "2-71-2",
        "?"
      ],
      "equilibrium_probabilities": [
        0.014032761083968816,
        0.015855710406434992,
        0.014825606123477742,
        0.01569014937459295,
        0.014651399959649295,
        0.01545358209853429,
        0.015346171360542655,
        0.01511571834775634,
        0.01328015278276109,
        0.01577031783033816,
        0.015115921904460048,
        0.015131071925800418,
        0.015109648699856012,
        0.012871651001561494,
        0.015329720916202537,
        0.01593403087778923,
        0.015744115660805687,
        0.01489445331863953,
        0.0157995526697397,
        0.01579989261493327,
        0.01579820063900634,
        0.015103034624804789,
        0.011233646045403408,
        0.014794471068821707,
        0.010753074349567257,
        0.015455280706734771,
        0.01549381601175469,
        0.015602772764459899,
        0.015803068185073196,
        0.014761060190065399,
        0.015994775303309648,
        0.015465879148176397,
        0.013721324322621256,
        0.01503120461221499,
        0.008477721649020387,
        0.01541626433020886,
        0.008968057639625274,
        0.015343864720178802,
        0.014885599140277067,
        0.015467930103731507,
        0.015499578459379595,
        0.014891004519767354,
        0.015496293590847874,
        0.01581065752017546,
        0.011168703087883347,
        0.0067603206153202065,
        0.0101806554719585,
        0.005694283735690595,
        0.014884131131469925,
        0.015309864667023288,
        0.015006021325859924,
        0.01572352183655444,
        0.014813630901832672,
        0.015663798826071232,
        0.0156826266660107,
        0.015278548416634662,
        0.01566188428782167,
        0.015638453683789057,
        0.012687876722966493,
        0.01574175450055596,
        0.009651766483238733,
        0.015798187333359873,
        0.012797638860715051,
        0.013472911313379268,
        0.008693055256058431,
        0.014787497824006552,
        0.015341405670683468,
        0.015002405157145633,
        0.015767448084111884,
        0.01577139953678824
      ],
      "rate": 12.498193314034278,
      "transition_matrix": [
        [
          0.0,
          0.988097386004453,
          0.9879332217847935,
          0.988122634377207,
          0.9881678006356464,
          0.9882934092177689,
          0.9880441297953879,
          0.9880839675106682,
          0.987565229170854,
          0.9881000890072859,
          0.9880817312983614,
          0.987872732796168,
          0.9881542156575062,
          0.9882767670668496,
          0.9878628818719474,
          0.9879447584877753,
          0.9888247445500243,
          0.9873552940443999,
          0.9882376268898287,
          0.9882369291879203,
          0.9882369923121448,
          0.9882527396871641,
          0.987123929559717,
          0.9878457328489381,
          1.4940768903719062,
          0.9881415948329211,
          0.987497430365107,
          0.9873689389008656,
          0.9882213406149406,
          0.9881477296970747,
          1.481248354950772,
          0.9878687305303618,
          1.3658659597724088,
          0.9884071897531299,
          3.080253525402205,
          0.9870728067639597,
          0.9783133419638239,
          0.988104219529122,
          0.9881847498520977,
          0.9880065478852562,
          0.9878878323417964,
          0.9881202022166032,
          0.9889056142759725,
          0.988051337206019,
          0.9877077690204732,
          1.7374095662862106,
          0.9998191379752746,
          1.123082656039763,
          0.9882024013158499,
          0.9881917535174526,
          0.988015816909367,
          0.9880886982307596,
          0.9878687329350477,
          0.9881416760943191,
          0.988174079240433,
          0.9845167131387862,
          0.9881431637013547,
          0.9881499700003186,
          0.9880497108579959,
          0.9880077686331078,
          1.0489271550513248,
          0.9879523141481819,
          0.9885661093256447,
          0.988384872421247,
          1.0057589014750885,
          0.988152793940636,
          0.9880970655791448,
          0.986636224949244,
          0.9880920371668916,
          0.9880502312875349
        ],
        [
          0.988097386004453,
          0.0,
          0.9893713119502707,
          1.09705521047119,
          0.9896569902603656,
          0.9898840893117994,
          0.9896022070809319,
          0.9896256083142287,
          0.9888551535864063,
          0.9897057501605714,
          0.9896230940165583,
          0.9893877047361566,
          0.989704632308305,
          0.9893721386374977,
          0.9893584102222678,
          0.9895357070132438,
          0.9879460543812386,
          0.9887408571797892,
          0.9898062191133519,
          0.9898685857667163,
          0.9898049795074146,
          0.9896100368298412,
          0.9873405169733203,
          0.9892989783942456,
          0.9930646313869426,
          0.9897050989926729,
          0.988976706502456,
          0.9888576340933267,
          0.9898512098755726,
          0.9896590471568495,
          0.9876628794137632,
          0.9893526535152585,
          0.9884503303825577,
          0.9897344600402974,
          0.9820396904373839,
          1.482632433120998,
          0.9770553468015599,
          0.989650146469876,
          0.9896366174246696,
          0.9895518756149865,
          0.9892589269999359,
          0.9895637167475746,
          0.9893917486486024,
          0.9896562384762931,
          0.9882597786476893,
          0.982033586573597,
          0.9867589420561061,
          0.9792197280070382,
          0.9896565196980143,
          0.9897303520673825,
          0.9895306147854952,
          0.9898475137908741,
          0.9893461459385059,
          0.9898359546623425,
          0.9897405388361719,
          1.4350992970252088,
          0.9897143125111333,
          0.9898379239538019,
          0.9890498945706753,
          0.9897345888835081,
          0.9851305536084075,
          0.9895427713215771,
          0.9895906356329842,
          0.9898068247231794,
          1.0087829254838865,
          0.9896665881612255,
          0.9896617401320327,
          0.9878887042340021,
          0.9896981246326786,
          0.9896511300309777
        ],
        [
          0.9879332217847935,
          0.9893713119502707,
          0.0,
          0.9893850568736978,
          0.9897107311297598,
          0.9899111580070069,
          0.9892770714875448,
          0.9892995672309869,
          0.9886055127548915,
          0.9893644461613033,
          0.9892972158724965,
          0.9890771014988485,
          0.989373466052616,
          0.9891224222379076,
          0.9890594441164995,
          0.9892034336091212,
          0.9877206947025258,
          0.9884752678980234,
          0.9894577906813773,
          0.989515766420226,
          0.9894566482648606,
          0.9895726953158464,
          0.987411657072822,
          0.9890016669451788,
          1.9884015948742366,
          0.9893741394052493,
          0.9886970701604905,
          0.9885742269502336,
          0.9894994920158091,
          0.9893456825540973,
          0.9874527205520017,
          0.9890890810103726,
          0.9883313643152939,
          0.9894021747065347,
          0.9826808292384681,
          0.988236811536418,
          1.9569267346711674,
          0.9893363809595012,
          0.9893124832527508,
          0.9892339875824531,
          0.9889611072120362,
          0.9892443116173388,
          0.9890886395091074,
          0.9893176797408563,
          0.9880787090712212,
          0.9826736615127233,
          0.9866862250685955,
          0.9804717903193552,
          0.9893310943766191,
          0.9893944698692866,
          0.9892490599051589,
          0.9893503728404114,
          0.9890401955494782,
          0.9894020803972012,
          0.9893994645000396,
          0.9854877328157504,
          0.98941121017196,
          0.9893970247519273,
          0.9887937971067811,
          0.9892200419772561,
          0.9851696437646908,
          0.9892118559983952,
          0.9893034124823673,
          0.9894940311890039,
          1.007272710044148,
          0.9893396206015183,
          0.9893327988492318,
          0.9876781374554537,
          0.9893573608536506,
          0.9893134093683036
        ],
        [
          0.988122634377207,
          1.09705521047119,
          0.9893850568736978,
          0.0,
          0.9896671215064169,
          0.9898935980353228,
          0.9896146860938692,
          0.9896373357441546,
          0.9888709005349724,
          0.989718073870091,
          0.9896348480636997,
          0.9894019411356391,
          0.989715523657743,
          0.9893815634332628,
          0.9893733880822276,
          0.9895501561363373,
          0.9879766061854323,
          0.9887613221702438,
          0.9898175195745512,
          0.9898791933331113,
          0.9898162897846753,
          0.9896218535993778,
          0.9873675397757766,
          0.9893134166712282,
          0.9930259839320033,
          0.9897167435327932,
          0.9889960126250407,
          0.9888784169649515,
          0.9898620058824956,
          0.989669655775385,
          0.987696909780209,
          0.9893679870920032,
          0.9884711348777269,
          0.98974486901126,
          0.9821062429138252,
          0.9885562597592551,
          0.9771700771538788,
          0.9896621090777952,
          0.9896477322009258,
          0.9895651425695811,
          0.9892752674808145,
          0.9895756023722676,
          0.9894067363662629,
          0.9896691654791916,
          0.9882771308543584,
          0.982102886410724,
          0.9867873344079509,
          0.9793155033246446,
          0.9896674240286238,
          0.9897414112462158,
          0.9895430871695629,
          0.9898576841651883,
          0.9893601378213391,
          0.9898458439214879,
          0.9897523011908591,
          1.4073558230200605,
          0.9897220113654964,
          0.9898475866667614,
          0.9890623363819827,
          0.9897455114837026,
          0.9851771084524877,
          0.9895568521192748,
          0.9895976420922442,
          0.9898130714819652,
          1.0085782600545419,
          0.9896771879295978,
          0.9896735889779921,
          0.987918240902099,
          0.9897105217348474,
          0.9896640247248162
        ],
        [
          0.9881678006356464,
          0.9896569902603656,
          0.9897107311297598,
          0.9896671215064169,
          0.0,
          1.123843510315262,
          0.9897436448644014,
          0.9895659889962862,
          0.9888505181219932,
          0.9896469704319677,
          0.98956366454667,
          0.9893469847368915,
          0.9896389815415428,
          0.9893518313646253,
          0.989322553091628,
          0.9894909462074111,
          0.9880210721216157,
          0.9887850948592564,
          0.9897405658790018,
          0.989799198512369,
          0.9897394169737611,
          0.9896689220026529,
          0.9875445172904037,
          0.9892799281365917,
          0.9929690600075703,
          0.9896440212919886,
          0.988971151324491,
          0.9888662063506917,
          0.9897831573873302,
          0.9897374012474113,
          0.9877606566560619,
          0.9893215749093042,
          0.9891057612867842,
          0.9896679600800695,
          0.9873845028905499,
          0.9888487477298175,
          1.3880049434973525,
          0.9897936186477161,
          0.9895756477191405,
          0.9895024938704039,
          0.9892628365594699,
          0.9895083070956859,
          0.9895556653271474,
          0.9896014460317695,
          0.9914522439508774,
          0.9835702675714778,
          0.9872718797494914,
          1.4659153280201827,
          0.9895940320677766,
          0.9896991661492336,
          0.9896069576626705,
          0.9896330452584912,
          0.990986205986767,
          0.9896825581270491,
          0.9896761989937752,
          0.9856760355166153,
          0.9895274380359557,
          0.989681864374827,
          0.989032956111972,
          0.989509812483777,
          0.985654253237593,
          0.9894964953303254,
          0.9895871280277647,
          0.9897160083464052,
          1.0077013724547565,
          0.9896188682430475,
          0.9897986322091891,
          0.9879617557117606,
          0.9896399026668788,
          0.9895964980410102
        ],
        [
          0.9882934092177689,
          0.9898840893117994,
          0.9899111580070069,
          0.9898935980353228,
          1.123843510315262,
          0.0,
          0.9899611467260245,
          0.9897840646082292,
          0.9890041738117382,
          0.9898740869249338,
          0.9897816153256003,
          0.9895523386693543,
          0.9898610429765647,
          0.9894984017423397,
          0.9895284834378997,
          0.9897106149401192,
          0.9881578282197271,
          0.9889208565669798,
          0.9899721943800648,
          0.9900330185513223,
          0.989970968419111,
          0.98985137405225,
          0.987524382349976,
          0.9894661540988781,
          0.9930732898711029,
          0.9898686456313803,
          0.9891589312943185,
          0.9890487264913809,
          0.9900161297607045,
          0.989936584557349,
          0.9878854210722973,
          0.9895254366985479,
          0.9892107193993983,
          0.9898900251960612,
          0.9867963045110932,
          0.9890071721196128,
          1.359819704745135,
          0.9900133279740437,
          0.9897923874132796,
          0.9897193947521546,
          0.9894331878869405,
          0.9897213722190903,
          0.9897633991429181,
          0.9898263555064029,
          0.9883969177562465,
          0.9824079149454935,
          0.9870415947964546,
          0.9808424303093165,
          0.9898117749105851,
          0.9898907480290713,
          0.9897826932833288,
          0.9898586877165043,
          0.9895137875354045,
          0.9899105477191917,
          0.9899043017973523,
          0.9856581763708365,
          0.989745158423472,
          0.9899046105130779,
          0.9891891821283303,
          0.9897230797437129,
          0.985464128211878,
          0.9897155105859443,
          0.9897133018550774,
          0.9899307034895956,
          1.008387111697217,
          0.9898247788265485,
          0.9900191316613196,
          0.9880896932207227,
          0.9898666137265003,
          0.9898208392099486
        ],
        [
          0.9880441297953879,
          0.9896022070809319,
          0.9892770714875448,
          0.9896146860938692,
          0.9897436448644014,
          0.9899611467260245,
          0.0,
          0.9895198220903796,
          0.9887816256710636,
          0.989593915422772,
          0.9895173892783276,
          0.9892896087689409,
          0.9895962859865518,
          0.9892861896815521,
          0.9892595954872715,
          0.989428910785035,
          0.9878914735994193,
          0.9886635659822175,
          0.989691144854754,
          0.9897514313049486,
          0.9896899483306056,
          0.9895432944808087,
          0.98732949685626,
          0.9892022092518974,
          0.9928049468022704,
          0.9895944437156088,
          0.9888896142757166,
          0.988773727500044,
          0.9897346077191853,
          0.9895573694868497,
          0.9876166940304687,
          0.9892533226489191,
          0.9884412105843612,
          0.9896251078502494,
          0.9822705987691209,
          0.9884040223201044,
          1.4658009890247612,
          0.989549032693676,
          0.9895306912855832,
          0.9894461843036036,
          0.9891641085340199,
          0.9894601516686062,
          0.9892960022834956,
          0.9895459112121123,
          0.98821216553575,
          0.9821781762714418,
          0.9867559327548807,
          0.9796007611723327,
          0.9895499489814998,
          0.9896199417933722,
          0.9894458165914696,
          0.9895789036364524,
          0.9892476973442557,
          0.9896318286634893,
          0.9896292680798172,
          0.9854221180004585,
          0.9894675506573248,
          0.9896260729574485,
          0.9889699104931702,
          0.9894438461550199,
          0.9851818160776792,
          0.9894361888777473,
          0.9894970744342787,
          0.9897038760996171,
          1.0080625091437223,
          0.9895576657476987,
          0.9895532124546149,
          0.9878392229209875,
          0.989586545226884,
          0.9895410723555134
        ],
        [
          0.9880839675106682,
          0.9896256083142287,
          0.9892995672309869,
          0.9896373357441546,
          0.9895659889962862,
          0.9897840646082292,
          0.9895198220903796,
          0.0,
          0.9888186270833698,
          0.989618861375123,
          0.9895430893233542,
          0.9893243694689818,
          0.9896204385551427,
          0.989312379931234,
          0.9892879989125054,
          0.989456890604291,
          0.9879420553973657,
          0.9887374612435363,
          0.9897133668601508,
          0.9897714118138854,
          0.9897121782259877,
          0.9895264278469389,
          0.9873627242878511,
          0.9892296291514718,
          0.992715093380403,
          0.9896182837531537,
          0.9889241144910247,
          0.9888103781707349,
          0.9897548577249528,
          0.9895744350139136,
          0.9876718145545542,
          0.9892819529497988,
          0.9884195240320157,
          0.9896460427615814,
          0.9822992630593529,
          0.9884333670840585,
          0.9775279880318802,
          0.9895653797153402,
          0.9895535102101969,
          0.9894722782656348,
          0.9891917004368697,
          0.9894840459592374,
          0.9893192362308996,
          0.9895717271334856,
          0.9882408774399583,
          0.9822336297372987,
          0.9868067205862348,
          0.9797599512024302,
          0.9895724741795489,
          0.9896502167754861,
          0.9894509165500057,
          0.9896034791128956,
          0.9892744554487358,
          0.9896553956885413,
          0.989653091681908,
          0.9855044309515495,
          0.9894919261405343,
          0.9896495611034121,
          0.9889930621694951,
          0.989470415614771,
          0.9852701970849453,
          0.9894636060684955,
          0.9895385406388829,
          0.9897283474914748,
          1.5078598486756387,
          0.9895797545409273,
          0.9895765467041822,
          0.9878877227743679,
          0.9896116015441694,
          0.9895668167594498
        ],
        [
          0.987565229170854,
          0.9888551535864063,
          0.9886055127548915,
          0.9888709005349724,
          0.9888505181219932,
          0.9890041738117382,
          0.9887816256710636,
          0.9888186270833698,
          0.0,
          0.9888545187113073,
          0.9888164420460417,
          0.9886443385521687,
          0.9888829318067941,
          0.9891009604742639,
          0.9885788086613769,
          0.9887070659135363,
          0.9873856393122933,
          0.9882770279517665,
          0.9889344294249542,
          0.9889835580657919,
          0.9889334233862027,
          0.9888193653535803,
          0.9870955036902219,
          0.9885473946812707,
          0.9918885662066567,
          0.9888644044482677,
          0.988254133896186,
          0.9881508174521182,
          0.9889689286825036,
          0.9888539509104172,
          0.9871384584330332,
          0.9885709116508518,
          0.9878753325065062,
          0.9889016148501635,
          0.9827101833796217,
          0.987826144491098,
          0.9785265641210803,
          0.9888215138654732,
          0.9888263206489807,
          0.9887358994177431,
          0.9885119863281995,
          0.9887652056979243,
          0.9886006498855759,
          0.9888118614668314,
          0.9878289659760574,
          0.9828872454380843,
          0.987327634903294,
          1.4684454320271305,
          0.9888430047060967,
          0.9889476852932976,
          0.988750772788625,
          0.98884195329681,
          0.9885916030551991,
          0.9888894350378742,
          0.9888871080890245,
          0.985271760026544,
          0.9887441162200793,
          0.988889337104945,
          0.9884103395662409,
          0.9887293239977342,
          0.9853501363358729,
          0.9887174422930141,
          0.9890433087362213,
          0.9891167774895525,
          3.0063566493339624,
          0.9888538809554651,
          0.9888315409717031,
          0.9873614234904639,
          0.9888482597264575,
          0.9888088355276989
        ],
        [
          0.9881000890072859,
          0.9897057501605714,
          0.9893644461613033,
          0.989718073870091,
          0.9896469704319677,
          0.9898740869249338,
          0.989593915422772,
          0.989618861375123,
          0.9888545187113073,
          0.0,
          0.9896163614710364,
          0.9893822727004195,
          0.9896974362990254,
          0.9893708441541296,
          0.9893520296819777,
          0.989528299627028,
          1.4820140406417177,
          0.9887481533745675,
          0.9897973202313157,
          0.9898592939227978,
          0.9897960923065389,
          0.9896025882995146,
          0.9873476112989586,
          0.9892914242652355,
          0.9929352445087586,
          0.9896965938927964,
          0.9889722662846689,
          0.9888534950373958,
          0.98984199917621,
          0.9896513224999834,
          0.9893967327074263,
          0.989345937404844,
          0.9884501059199424,
          0.9897266786132598,
          0.9820637491423438,
          0.9884604512661357,
          0.9770928990848892,
          0.9896415838191198,
          0.9896293313035589,
          0.9895442437709849,
          0.9892535828534389,
          0.9895568441786083,
          0.9893857353886105,
          0.9896478042611698,
          0.9882620745720256,
          0.9819914617738815,
          0.9867597510458052,
          0.9792323143534496,
          0.9896491207188768,
          0.9897221829204463,
          0.9895224993408661,
          0.9896814371644643,
          0.9893381538872281,
          0.9897356537069213,
          0.9897330471719573,
          0.9854076535456071,
          0.9895666651279038,
          0.9897295581693523,
          0.9890461629807744,
          0.9895425576478674,
          0.9851420829299078,
          0.9895349976400417,
          0.9895869857086921,
          0.9898030077032707,
          1.0086618318554061,
          0.9896567697310914,
          0.9896531097834746,
          0.9878911835114188,
          0.989689438319276,
          0.989642710942651
        ],
        [
          0.9880817312983614,
          0.9896230940165583,
          0.9892972158724965,
          0.9896348480636997,
          0.98956366454667,
          0.9897816153256003,
          0.9895173892783276,
          0.9895430893233542,
          0.9888164420460417,
          0.9896163614710364,
          0.0,
          0.9893219649657186,
          0.9896180401012006,
          0.9893102254311383,
          0.9892855667842064,
          0.9894543631255716,
          0.9879395455046395,
          0.9887350890977555,
          0.9897108623946276,
          0.9897689072496666,
          0.9897096739644314,
          0.9895240331782831,
          0.9873609273333376,
          0.9892272805148392,
          0.9927134211786582,
          0.989615834323275,
          0.9889216529847161,
          0.9888078982836592,
          0.9897523525218948,
          0.9895720947736634,
          0.9876692617650049,
          0.9892794988609179,
          0.988417339836185,
          0.9896436611074545,
          0.9822978500364291,
          0.9884309137163543,
          0.977526435467942,
          0.9895629476169117,
          0.9895511514636917,
          0.9894698255643247,
          0.9891892390581555,
          0.9894816857432543,
          0.9893167776442667,
          0.9895692203781238,
          0.9882390989936323,
          0.982232461065411,
          0.9868050736056813,
          0.979751039948643,
          0.9895701158330014,
          0.9896477896356104,
          0.9894485363523857,
          0.9896009863737403,
          0.9892721040608916,
          0.9896529129409135,
          0.9896506059869288,
          0.9855019722000549,
          0.9894894416668465,
          0.9896470823644755,
          0.9889910486069591,
          0.9894679187969057,
          0.9852686106056914,
          0.9894611004027865,
          0.9895364292911839,
          0.989726097175127,
          1.5078624898541353,
          0.9895774100645739,
          0.9895741151397716,
          0.9878853309178066,
          0.9896091020453479,
          0.989564316248126
        ],
        [
          0.987872732796168,
          0.9893877047361566,
          0.9890771014988485,
          0.9894019411356391,
          0.9893469847368915,
          0.9895523386693543,
          0.9892896087689409,
          0.9893243694689818,
          0.9886443385521687,
          0.9893822727004195,
          0.9893219649657186,
          0.0,
          0.9893994524283906,
          0.989527534010754,
          0.9890578676948453,
          0.9892177457054033,
          0.9877049501060242,
          0.9885179241718239,
          0.9894763493794703,
          0.9895344157833366,
          0.989475180527923,
          0.9892998651773532,
          0.9871933250593043,
          0.9890082855905253,
          0.9925607767430631,
          0.9893864487008176,
          0.9886913111984045,
          0.9885758921713177,
          0.989517805163013,
          0.989353604552007,
          0.9874307191301412,
          0.9890497829812374,
          0.9882131801531586,
          0.9894205674538359,
          0.9821682642795108,
          0.9882015131027234,
          0.9773906429669038,
          0.9893352252739805,
          0.9893302029691525,
          0.989240169548932,
          0.9889591384011949,
          0.9892606167435819,
          0.9890866426518414,
          0.9893345016214625,
          0.9880734598453598,
          0.9821451613822418,
          0.9866587650295702,
          0.9835201240859487,
          0.9893492001228279,
          0.9894215034124221,
          0.98922624122756,
          0.9893675971050793,
          0.9890528591545465,
          0.9894204320510248,
          0.9894177418725579,
          0.9852728567044401,
          0.9892569117668185,
          0.9894149888440057,
          0.9888031548669448,
          0.9892341999564108,
          0.9851333411291633,
          0.9892265158541329,
          0.9893728720052535,
          0.9895576150163843,
          1.5050052289640654,
          0.9893587259162284,
          0.989346437577514,
          0.9876617056396666,
          0.9893750528159665,
          0.9893301833652854
        ],
        [
          0.9881542156575062,
          0.989704632308305,
          0.989373466052616,
          0.989715523657743,
          0.9896389815415428,
          0.9898610429765647,
          0.9895962859865518,
          0.9896204385551427,
          0.9888829318067941,
          0.9896974362990254,
          0.9896180401012006,
          0.9893994524283906,
          0.0,
          0.9893738798212611,
          0.9893644371820643,
          0.9895363284574417,
          0.9880209082786922,
          0.9888116842087026,
          0.9897920847031804,
          0.9898501311596645,
          0.9897908896225042,
          0.9896016860337548,
          0.9874191365047789,
          0.989303384106222,
          0.9927674479218969,
          0.9896952726853394,
          0.9890014681156752,
          0.9888883066568521,
          0.9898335968139567,
          0.9896479404907884,
          0.987752009656725,
          0.9893590801623025,
          0.9884881371295609,
          0.9897209018743532,
          0.9823434557618045,
          0.9885104518020467,
          0.97757609527357,
          0.9896418219043193,
          0.9896276492803877,
          0.9895493668959546,
          0.9892690445580005,
          0.9895582297355483,
          0.9893965055666234,
          0.9896505163875975,
          0.9882966935481544,
          0.9822691362600623,
          0.9868579041049399,
          0.9797784798873918,
          0.9896466010827788,
          0.9897264381748303,
          0.9895256865269568,
          0.9896818274059644,
          0.9893482973740688,
          0.9897334313793847,
          0.9897312222492324,
          0.9855816132451225,
          0.9895700080273434,
          0.9897274703332285,
          0.9890562946011862,
          0.9895488884225137,
          0.9853189849210721,
          0.989542358744783,
          0.9896000960496812,
          0.9897925884385023,
          1.5079179002496812,
          0.9896533864693251,
          0.989652972591341,
          0.987962866574573,
          0.989690163595338,
          0.9896454096686259
        ],
        [
          0.9882767670668496,
          0.9893721386374977,
          0.9891224222379076,
          0.9893815634332628,
          0.9893518313646253,
          0.9894984017423397,
          0.9892861896815521,
          0.989312379931234,
          0.9891009604742639,
          0.9893708441541296,
          0.9893102254311383,
          0.989527534010754,
          0.9893738798212611,
          0.0,
          0.9891066707155264,
          0.9892335095913235,
          0.9879439338774709,
          0.9887755393028262,
          0.9894471687239332,
          0.9894928737732875,
          0.9894461395402605,
          0.9894864491897623,
          0.9881571089353202,
          0.9890860427469473,
          1.9949108139127443,
          0.9893785808618328,
          0.9887908437253055,
          0.9886837910357883,
          0.9894788162742653,
          0.989363866686113,
          0.9877132512568545,
          0.989136782359232,
          0.9885835372005531,
          0.989482770864795,
          0.9841790870929089,
          0.988363320995996,
          0.9795981963068796,
          0.9893246013955049,
          0.9894016432812321,
          0.9892604934221134,
          1.4666154751154206,
          0.9893425769259665,
          0.9891157618216163,
          0.9893308430916857,
          0.9888105402053892,
          1.239514824119264,
          0.9874285192817415,
          1.058567214682214,
          0.9894177752152977,
          0.9894401934547705,
          0.9892543240257632,
          0.9893570550391214,
          0.989116079291476,
          0.9894005541690538,
          0.9894260200046077,
          0.9860764023946292,
          0.989400895879824,
          0.989399836832662,
          0.9891796799437128,
          0.9892489656132508,
          0.9860274504107115,
          0.9892387543572098,
          0.9895227888793448,
          0.989479151436371,
          3.5102967065141812,
          0.9893747026530855,
          0.9893344772009106,
          0.9879912012626672,
          0.9893648580464992,
          0.989326714169492
        ],
        [
          0.9878628818719474,
          0.9893584102222678,
          0.9890594441164995,
          0.9893733880822276,
          0.989322553091628,
          0.9895284834378997,
          0.9892595954872715,
          0.9892879989125054,
          0.9885788086613769,
          0.9893520296819777,
          0.9892855667842064,
          0.9890578676948453,
          0.9893644371820643,
          0.9891066707155264,
          0.0,
          0.9891847946051863,
          0.9876526128825572,
          0.9884359903107125,
          0.9894481566921033,
          0.9895078417452708,
          0.9894469806230518,
          0.9894280732025661,
          0.987331051854059,
          0.9889781545278583,
          1.983432776816772,
          0.9893602099248348,
          0.9886600112156066,
          0.9885356728544261,
          0.9894910015442946,
          0.9893259769523222,
          0.9873744017654901,
          0.9890650493740238,
          0.9881775511016129,
          0.9893941006197603,
          0.9820705873806751,
          0.9881572087649279,
          0.9773124577387686,
          0.9893059080100659,
          0.9893023779915113,
          0.9892152289019823,
          0.9889343323273682,
          0.9892318652244387,
          0.989053522017371,
          0.9893034921548821,
          0.9880422209905405,
          0.9823205083286171,
          0.9865999781634767,
          0.9798194973437018,
          0.9893216282134394,
          0.9893847412411656,
          0.9891963971040175,
          0.9893376343934444,
          0.9890208860150046,
          0.9893913603093655,
          0.9893885894449103,
          0.9853612822460958,
          0.9894629642271257,
          0.9893860538634849,
          0.9887759139851587,
          0.9892025708268322,
          0.9850368796637552,
          0.9891941314224948,
          0.9892998332121526,
          0.9894967378721798,
          1.0079051327243034,
          0.9893308024014025,
          0.9893171827731365,
          0.987612007055553,
          0.9893447187750416,
          0.9892992548887896
        ],
        [
          0.9879447584877753,
          0.9895357070132438,
          0.9892034336091212,
          0.9895501561363373,
          0.9894909462074111,
          0.9897106149401192,
          0.989428910785035,
          0.989456890604291,
          0.9887070659135363,
          0.989528299627028,
          0.9894543631255716,
          0.9892177457054033,
          0.9895363284574417,
          0.9892335095913235,
          0.9891847946051863,
          0.0,
          0.9878144338111642,
          1.4834752183584439,
          0.9896876130008202,
          0.9898296991653136,
          0.9896866628191425,
          0.9894405773950391,
          0.9872096111289366,
          0.989130074715546,
          0.9928600599676309,
          0.9895312988383397,
          0.98879923932424,
          0.9886779638213947,
          0.9898097711926781,
          0.9894939731769087,
          1.4814530707304085,
          0.9891769949425436,
          0.9882932008332189,
          0.989566791954788,
          0.9819055704166793,
          0.988283236850182,
          0.9768792399099648,
          0.9894770853856522,
          0.9894702447278353,
          0.9893772663151039,
          0.989083304111313,
          0.98939696354247,
          0.989221079665941,
          0.9894777211943648,
          0.9881341180911493,
