{
  "generated_by": {
    "program": "augur",
    "version": "21.1.0"
  },
  "models": {
    "clade_membership": {
      "alphabet": [
        "L10",
        "L1A",
        "L1B",
        "L1C-unclade",
        "L1C.1",
        "L1C.2",
        "L1C.3",
        "L1C.4",
        "L1C.5",
        "L1D",
        "L1E",
        "L1F",
        "L1H",
        "L1I",
        "L2",
        "L3",
        "L4",
        "L5A",
        "L5B",
        "L6",
        "L7",
        "L8A",
        "L8B",
        "L8C",
        "L8D",
        "L8E",
        "L9A",
        "L9B",
        "L9C",
        "L9D",
        "L9E",
        "?"
      ],
      "equilibrium_probabilities": [
        0.0318188742321545,
        0.03252292259730668,
        0.03265440159533346,
        0.03224453791780338,
        0.03225566708577024,
        0.03212055545190793,
        0.03217442487659477,
        0.03214728905856166,
        0.03201772036391791,
        0.03195040302437293,
        0.03092236181200108,
        0.032960715900758976,
        0.03286885390189898,
        0.031978805113447334,
        0.03217563665020446,
        0.03347336202004872,
        0.0321200285031904,
        0.03188837812532261,
        0.031878636551772345,
        0.0323952395458754,
        0.03210275112046688,
        0.032214268597736614,
        0.03257409940801898,
        0.03193487945142021,
        0.03264594825453495,
        0.032497903205503526,
        0.03258071362450928,
        0.032197825376959824,
        0.03240924738665692,
        0.032296761555358,
        0.031976787690591105
      ],
      "rate": 1.6502839569846626,
      "transition_matrix": [
        [
          0.0,
          1.0018460940095677,
          1.00193857155943,
          1.0009837734280858,
          1.0095302272697304,
          1.011532602720535,
          1.0083771316679069,
          1.0111401482651394,
          1.0130498342741585,
          1.0112062333476481,
          1.006755287829712,
          1.0061798770675927,
          1.0014924671720145,
          1.011590059519084,
          1.0062183638132713,
          0.9875923807139115,
          1.3027552408794734,
          1.0118652391247562,
          1.0114977719074683,
          1.0074574680257036,
          1.0250086017184727,
          1.0248319148817477,
          1.0254252139840627,
          1.0675815268180997,
          1.023429706888261,
          1.0276724563093058,
          1.0302349990405553,
          1.049506501927188,
          1.03419092854278,
          1.0461339800664553,
          1.093242338261151
        ],
        [
          1.0018460940095677,
          0.0,
          1.2755621259996162,
          0.9907436544662983,
          0.9984360153346802,
          1.0004826711006998,
          0.9978604544889187,
          1.0000814188714904,
          1.0020346292566777,
          1.0006496161179212,
          1.4235304227013266,
          0.9952734359347323,
          0.9903662288376992,
          1.0017335593906527,
          0.9944489099276774,
          0.9759110248283505,
          0.9946414877355813,
          1.0005623852600771,
          1.0001443865727355,
          0.9963041504381365,
          1.0026934453332779,
          0.9996497032615339,
          0.9941949305695502,
          0.9985789117818723,
          0.9932361651493632,
          0.9948555275446999,
          0.9895949355693091,
          0.9987037077959019,
          0.995202071270177,
          0.9947588349891296,
          0.9978289495114319
        ],
        [
          1.00193857155943,
          1.2755621259996162,
          0.0,
          0.9903246023321135,
          0.9985162211701768,
          1.000570817113053,
          0.9976314895032858,
          1.000168007203622,
          1.0021283965370802,
          1.000513028522473,
          1.2839311658391108,
          0.9951289180089827,
          0.9903302352011154,
          1.0012781886167297,
          0.9945121240245546,
          0.9758972242016558,
          0.9946911280601778,
          1.0006498008342035,
          1.0002299864919517,
          0.996376284145094,
          1.0027910086733904,
          0.9997349692945462,
          0.9942591259481135,
          0.9986582751988239,
          0.9932967207689425,
          0.9949221009023952,
          0.989640074105388,
          0.9987849069622806,
          0.9952696573505075,
          0.9948240095879327,
          0.9979053898100637
        ],
        [
          1.0009837734280858,
          0.9907436544662983,
          0.9903246023321135,
          0.0,
          1.4977589671692122,
          1.4994979019914294,
          1.3995999983129463,
          1.4989698572727153,
          1.501944887755482,
          0.9995975976282833,
          1.357940204911323,
          0.9942540124674467,
          0.989512531250238,
          1.0004010044871257,
          0.9936504677679527,
          0.9752623137734993,
          0.9938551119331662,
          0.9997110503792781,
          0.9992975973230221,
          0.9954801718883509,
          1.001813573971263,
          0.9987971804681313,
          0.9933862566033659,
          0.9977459406542407,
          0.9924349098074313,
          0.9940425646931713,
          0.9888322739862606,
          0.9978612409996439,
          0.9943884738193778,
          0.9939531904146636,
          0.9970022594415816
        ],
        [
          1.0095302272697304,
          0.9984360153346802,
          0.9985162211701768,
          1.4977589671692122,
          0.0,
          1.0082258948699934,
          1.0051052367130657,
          1.0078281680667638,
          1.0097636733781639,
          1.0079132200590175,
          1.0030911396194835,
          1.002755620282814,
          0.9980461161846257,
          1.0082973807073006,
          1.0021622217672792,
          0.9837527202905061,
          1.002282434704922,
          1.0082526059653352,
          1.0078293723981133,
          1.0040829282880375,
          1.010450450939811,
          1.007412966842989,
          1.0020045554144366,
          1.0062696490587164,
          1.0010557026359372,
          1.0026521064607614,
          0.9973716127372644,
          1.0064566570291893,
          1.0029790938393597,
          1.0025065509935767,
          1.0055238433012805
        ],
        [
          1.011532602720535,
          1.0004826711006998,
          1.000570817113053,
          1.4994979019914294,
          1.0082258948699934,
          0.0,
          1.0071300030077912,
          1.0098500281468192,
          1.0117771447250696,
          1.0099238131306325,
          1.0050406502177405,
          1.004828620708111,
          1.00011397681844,
          1.010309197952455,
          1.0041869661905063,
          0.9858560279742654,
          1.004304701577118,
          1.0102591113163129,
          1.009835374275569,
          1.0061208246831184,
          1.0124698543831394,
          1.0094401552731251,
          1.004054673133612,
          1.0082803107252332,
          1.0031102959637355,
          1.0046975368698756,
          0.9994223436477124,
          1.008483095093353,
          1.0050187700690563,
          1.00453955249748,
          1.0075370945881268
        ],
        [
          1.0083771316679069,
          0.9978604544889187,
          0.9976314895032858,
          1.3995999983129463,
          1.0051052367130657,
          1.0071300030077912,
          0.0,
          1.0067330688459775,
          1.0090161715977177,
          1.0069234358819745,
          1.2390522302941978,
          1.0017478537764586,
          0.9969704006210212,
          1.007588321592552,
          1.001030012125776,
          0.9826915944957691,
          1.001217140014089,
          1.00710294082277,
          1.0066820147804638,
          1.0029337442802742,
          1.0092824992524518,
          1.0062546266348213,
          1.000857632486365,
          1.0051268861448883,
          0.9999104858764969,
          1.001505013564127,
          0.996245721434553,
          1.005303266596984,
          1.0018339551146673,
          1.0013676979566906,
          1.0043830788718755
        ],
        [
          1.0111401482651394,
          1.0000814188714904,
          1.000168007203622,
          1.4989698572727153,
          1.0078281680667638,
          1.0098500281468192,
          1.0067330688459775,
          0.0,
          1.0113824678064842,
          1.0095297301681203,
          1.0046584554203304,
          1.0044222381269112,
          0.9997085584731665,
          1.0099148791251258,
          1.0037900509994928,
          0.9854435161304799,
          1.0039082726782584,
          1.0098658342851383,
          1.009442191940275,
          1.0057213466268604,
          1.0120740672857456,
          1.0090428103168285,
          1.0036527752228697,
          1.0078861982755036,
          1.0027075104102756,
          1.0042965652206632,
          0.9990202811968025,
          1.0080858881821964,
          1.0046189313818452,
          1.004141019266309,
          1.0071424673183427
        ],
        [
          1.0130498342741585,
          1.0020346292566777,
          1.0021283965370802,
          1.501944887755482,
          1.0097636733781639,
          1.0117771447250696,
          1.0090161715977177,
          1.0113824678064842,
          0.0,
          1.01144754354432,
          1.006820492099885,
          1.0063999435117412,
          1.0016814143304928,
          1.0118342535437828,
          1.0057214185314884,
          0.9874508207640995,
          1.005837387913577,
          1.011779517684061,
          1.0113554104528883,
          1.0076652200354106,
          1.014000002211155,
          1.010976313351901,
          1.005608425885982,
          1.009803939274982,
          1.0046674801861812,
          1.0062477065649935,
          1.0009766987748203,
          1.010018710918937,
          1.0065645539460113,
          1.0060802756004943,
          1.0090627123685918
        ],
        [
          1.0112062333476481,
          1.0006496161179212,
          1.000513028522473,
          0.9995975976282833,
          1.0079132200590175,
          1.0099238131306325,
          1.0069234358819745,
          1.0095297301681203,
          1.01144754354432,
          0.0,
          1.311423556029557,
          1.179088450042524,
          1.402426072958645,
          1.0785472457631546,
          1.00389800531862,
          0.985691620498222,
          1.004094131596708,
          1.0099393618469936,
          1.0095181358073704,
          1.005818436969243,
          1.012134772537171,
          1.0091205012176012,
          1.0037607931632853,
          1.0079706128569115,
          1.002820813438955,
          1.0044009568559003,
          0.9991543477937445,
          1.008169098455317,
          1.004721743612562,
          1.0042465642552538,
          1.0072319105653142
        ],
        [
          1.006755287829712,
          1.4235304227013266,
          1.2839311658391108,
          1.357940204911323,
          1.0030911396194835,
          1.0050406502177405,
          1.2390522302941978,
          1.0046584554203304,
          1.006820492099885,
          1.311423556029557,
          0.0,
          1.3128480487325132,
          1.1223623819863946,
          1.4758544788012533,
          0.9999134204931729,
          1.1548668485196267,
          1.4509972045215487,
          1.0054241745058494,
          1.005077318226132,
          1.0009937482915705,
          1.0071389851226853,
          1.00424151138351,
          0.9990649434461988,
          1.0033307615008185,
          0.9981488957128257,
          0.9996972690535524,
          0.9946758217562012,
          1.0034194135669694,
          1.0000382166964086,
          0.9996419296239184,
          1.0027012214657636
        ],
        [
          1.0061798770675927,
          0.9952734359347323,
          0.9951289180089827,
          0.9942540124674467,
          1.002755620282814,
          1.004828620708111,
          1.0017478537764586,
          1.0044222381269112,
          1.0063999435117412,
          1.179088450042524,
          1.3128480487325132,
          0.0,
          1.0536918134275342,
          1.070776837815752,
          0.9986686376406604,
          0.9799174861436855,
          0.9988932035242926,
          1.0048773371995896,
          1.0044486497548981,
          1.0005963885833526,
          1.0070867331787676,
          1.0039909557732003,
          0.9984659395582934,
          1.0028573608152374,
          0.9974959988118671,
          0.9991304508399466,
          0.9937651448499147,
          1.0030219388720565,
          0.999472164389867,
          0.9990034237944735,
          1.0020984464007057
        ],
        [
          1.0014924671720145,
          0.9903662288376992,
          0.9903302352011154,
          0.989512531250238,
          0.9980461161846257,
          1.00011397681844,
          0.9969704006210212,
          0.9997085584731665,
          1.0016814143304928,
          1.402426072958645,
          1.1223623819863946,
          1.0536918134275342,
          0.0,
          1.0267743428501674,
          0.99401997563014,
          0.9752833365616819,
          0.9941952147418331,
          1.0001956924234912,
          0.9997735514741733,
          0.9958925913164135,
          1.0023470173221614,
          0.9992719708861496,
          0.9937609500360503,
          0.9981919952200857,
          0.9927923252842793,
          0.9944284846287229,
          0.9891158772330164,
          0.9983166103119532,
          0.9947791248863308,
          0.9943321011799711,
          0.9974346253677648
        ],
        [
          1.011590059519084,
          1.0017335593906527,
          1.0012781886167297,
          1.0004010044871257,
          1.0082973807073006,
          1.010309197952455,
          1.007588321592552,
          1.0099148791251258,
          1.0118342535437828,
          1.0785472457631546,
          1.4758544788012533,
          1.070776837815752,
          1.0267743428501674,
          0.0,
          1.0042754139205108,
          0.9860515099101058,
          1.0044523466725415,
          1.010321997422308,
          1.009900042653951,
          1.0062011545102707,
          1.0125234080158638,
          1.009506348915786,
          1.0041434137896854,
          1.0083512222748552,
          1.0032029697145282,
          1.0047835737758815,
          0.9995302069816492,
          1.0085533499324015,
          1.0051035367287429,
          1.004626238949912,
          1.0076115183386067
        ],
        [
          1.0062183638132713,
          0.9944489099276774,
          0.9945121240245546,
          0.9936504677679527,
          1.0021622217672792,
          1.0041869661905063,
          1.001030012125776,
          1.0037900509994928,
          1.0057214185314884,
          1.00389800531862,
          0.9999134204931729,
          0.9986686376406604,
          0.99401997563014,
          1.0042754139205108,
          0.0,
          0.9801821424583925,
          1.5004185948484765,
          1.006089505527133,
          1.0059110727983553,
          1.000053334193716,
          1.0064486450985135,
          1.003443701926579,
          0.9980758912033652,
          1.002554209020352,
          0.9971234742188169,
          0.9987345360237323,
          0.9935328368746604,
          1.0026214324574463,
          0.9990957300006756,
          0.9987007210341651,
          1.001928599451729
        ],
        [
          0.9875923807139115,
          0.9759110248283505,
          0.9758972242016558,
          0.9752623137734993,
          0.9837527202905061,
          0.9858560279742654,
          0.9826915944957691,
          0.9854435161304799,
          0.9874508207640995,
          0.985691620498222,
          1.1548668485196267,
          0.9799174861436855,
          0.9752833365616819,
          0.9860515099101058,
          0.9801821424583925,
          0.0,
          1.3473034336414986,
          0.9862400015682651,
          0.9858554642589853,
          0.9815633840810558,
          0.988091702322993,
          0.9850056488173777,
          0.97941198681455,
          0.984127048405092,
          0.9784224292086298,
          0.9801073340554652,
          0.9748315524593257,
          0.9841106279499708,
          0.9805019756158838,
          0.9801274030740129,
          0.9834030679193033
        ],
        [
          1.3027552408794734,
          0.9946414877355813,
          0.9946911280601778,
          0.9938551119331662,
          1.002282434704922,
          1.004304701577118,
          1.001217140014089,
          1.0039082726782584,
          1.005837387913577,
          1.004094131596708,
          1.4509972045215487,
          0.9988932035242926,
          0.9941952147418331,
          1.0044523466725415,
          1.5004185948484765,
          1.3473034336414986,
          0.0,
          1.3723685903515832,
          1.4006096935808008,
          1.000195660570094,
          1.0309225548674066,
          1.0337696539748131,
          1.0388751957167,
          1.108203657355088,
          1.037642659758151,
          1.0438140813772891,
          1.0484007572056582,
          1.0759259605147486,
          1.0525509597528784,
          1.0711104533977096,
          1.1454996988293729
        ],
        [
          1.0118652391247562,
          1.0005623852600771,
          1.0006498008342035,
          0.9997110503792781,
          1.0082526059653352,
          1.0102591113163129,
          1.00710294082277,
          1.0098658342851383,
          1.011779517684061,
          1.0099393618469936,
          1.0054241745058494,
          1.0048773371995896,
          1.0001956924234912,
          1.010321997422308,
          1.006089505527133,
          0.9862400015682651,
          1.3723685903515832,
          0.0,
          1.248629859552675,
          1.0061622230603207,
          1.0124975125032618,
          1.0094964916182656,
          1.004161401657266,
          1.0084425748600658,
          1.00322146568798,
          1.004804219491635,
          0.9995798940319429,
          1.0086037946540012,
          1.0051351575241119,
          1.0046869099548912,
          1.0077618977389882
        ],
        [
          1.0114977719074683,
          1.0001443865727355,
          1.0002299864919517,
          0.9992975973230221,
          1.0078293723981133,
          1.009835374275569,
          1.0066820147804638,
          1.009442191940275,
          1.0113554104528883,
          1.0095181358073704,
          1.005077318226132,
          1.0044486497548981,
          0.9997735514741733,
          1.009900042653951,
          1.0059110727983553,
          0.9858554642589853,
          1.4006096935808008,
          1.248629859552675,
          0.0,
          1.0057395450019562,
          1.0120757829151128,
          1.0090777991786903,
          1.003746287741106,
          1.008044689775889,
          1.0028061149978127,
          1.0043899949566768,
          0.9991732735343981,
          1.0081957682098421,
          1.004723872401697,
          1.004282135312515,
          1.0073735140927804
        ],
        [
          1.0074574680257036,
          0.9963041504381365,
          0.996376284145094,
          0.9954801718883509,
          1.0040829282880375,
          1.0061208246831184,
          1.0029337442802742,
          1.0057213466268604,
          1.0076652200354106,
          1.005818436969243,
          1.0009937482915705,
          1.0005963885833526,
          0.9958925913164135,
          1.0062011545102707,
          1.000053334193716,
          0.9815633840810558,
          1.000195660570094,
          1.0061622230603207,
          1.0057395450019562,
          0.0,
          1.008357342355866,
          1.005307848949286,
          0.9998773326326018,
          1.0041893801360917,
          0.9989242963345281,
          1.0005306216815062,
          1.493278173994012,
          1.0043653180514012,
          1.00088215541931,
          1.0004186555109942,
          1.003450538982262
        ],
        [
          1.0250086017184727,
          1.0026934453332779,
          1.0027910086733904,
          1.001813573971263,
          1.010450450939811,
          1.0124698543831394,
          1.0092824992524518,
          1.0120740672857456,
          1.014000002211155,
          1.012134772537171,
          1.0071389851226853,
          1.0070867331787676,
          1.0023470173221614,
          1.0125234080158638,
          1.0064486450985135,
          0.988091702322993,
          1.0309225548674066,
          1.0124975125032618,
          1.0120757829151128,
          1.008357342355866,
          0.0,
          1.016849356661174,
          1.0135962148635644,
          1.0319162376149615,
          1.0123115323751835,
          1.014872157103372,
          1.0286945321767882,
          1.3622514578029428,
          1.033072057769277,
          1.0432811145984346,
          1.1263688808755503
        ],
        [
          1.0248319148817477,
          0.9996497032615339,
          0.9997349692945462,
          0.9987971804681313,
          1.007412966842989,
          1.0094401552731251,
          1.0062546266348213,
          1.0090428103168285,
          1.010976313351901,
          1.0091205012176012,
          1.00424151138351,
          1.0039909557732003,
          0.9992719708861496,
          1.009506348915786,
          1.003443701926579,
          0.9850056488173777,
          1.0337696539748131,
          1.0094964916182656,
          1.0090777991786903,
          1.005307848949286,
          1.016849356661174,
          0.0,
          1.2267912183237928,
          1.2324201910271129,
          1.0640340009522709,
          1.0727441128452366,
          1.0118202262648357,
          1.025705287806252,
          1.0168198891684979,
          1.0218868872097542,
          1.0451593984387217
        ],
        [
          1.0254252139840627,
          0.9941949305695502,
          0.9942591259481135,
          0.9933862566033659,
          1.0020045554144366,
          1.004054673133612,
          1.000857632486365,
          1.0036527752228697,
          1.005608425885982,
          1.0037607931632853,
          0.9990649434461988,
          0.9984659395582934,
          0.9937609500360503,
          1.0041434137896854,
          0.9980758912033652,
          0.97941198681455,
          1.0388751957167,
          1.004161401657266,
          1.003746287741106,
          0.9998773326326018,
          1.0135962148635644,
          1.2267912183237928,
          0.0,
          1.2675028346228503,
          1.0798927265609028,
          1.0896975767499364,
          1.010842226317632,
          1.02625208591323,
          1.0158122654686776,
          1.0222809784197036,
          1.0506309636612088
        ],
        [
          1.0675815268180997,
          0.9985789117818723,
          0.9986582751988239,
          0.9977459406542407,
          1.0062696490587164,
          1.0082803107252332,
          1.0051268861448883,
          1.0078861982755036,
          1.009803939274982,
          1.0079706128569115,
          1.0033307615008185,
          1.0028573608152374,
          0.9981919952200857,
          1.0083512222748552,
          1.002554209020352,
          0.984127048405092,
          1.108203657355088,
          1.0084425748600658,
          1.008044689775889,
          1.0041893801360917,
          1.0319162376149615,
          1.2324201910271129,
          1.2675028346228503,
          0.0,
          1.2110373989805818,
          1.2256698937003483,
          1.0434042306767808,
          1.0678778020768354,
          1.048273348618767,
          1.0625225919171082,
          1.1234911861049972
        ],
        [
          1.023429706888261,
          0.9932361651493632,
          0.9932967207689425,
          0.9924349098074313,
          1.0010557026359372,
          1.0031102959637355,
          0.9999104858764969,
          1.0027075104102756,
          1.0046674801861812,
          1.002820813438955,
          0.9981488957128257,
          0.9974959988118671,
          0.9927923252842793,
          1.0032029697145282,
          0.9971234742188169,
          0.9784224292086298,
          1.037642659758151,
          1.00322146568798,
          1.0028061149978127,
          0.9989242963345281,
          1.0123115323751835,
          1.0640340009522709,
          1.0798927265609028,
          1.2110373989805818,
          0.0,
          1.1940564081336549,
          1.0098643818204673,
          1.0253975745133714,
          1.014697557205263,
          1.0215913221446888,
          1.0514280477199067
        ],
        [
          1.0276724563093058,
          0.9948555275446999,
          0.9949221009023952,
          0.9940425646931713,
          1.0026521064607614,
          1.0046975368698756,
          1.001505013564127,
          1.0042965652206632,
          1.0062477065649935,
          1.0044009568559003,
          0.9996972690535524,
          0.9991304508399466,
          0.9944284846287229,
          1.0047835737758815,
          0.9987345360237323,
          0.9801073340554652,
          1.0438140813772891,
          1.004804219491635,
          1.0043899949566768,
          1.0005306216815062,
          1.014872157103372,
          1.0727441128452366,
          1.0896975767499364,
          1.2256698937003483,
          1.1940564081336549,
          0.0,
          1.0134625524025505,
          1.029591600566787,
          1.0182714536247122,
          1.0257180683415352,
          1.0575942198737873
        ],
        [
          1.0302349990405553,
          0.9895949355693091,
          0.989640074105388,
          0.9888322739862606,
          0.9973716127372644,
          0.9994223436477124,
          0.996245721434553,
          0.9990202811968025,
          1.0009766987748203,
          0.9991543477937445,
          0.9946758217562012,
          0.9937651448499147,
          0.9891158772330164,
          0.9995302069816492,
          0.9935328368746604,
          0.9748315524593257,
          1.0484007572056582,
          0.9995798940319429,
          0.9991732735343981,
          1.493278173994012,
          1.0286945321767882,
          1.0118202262648357,
          1.010842226317632,
          1.0434042306767808,
          1.0098643818204673,
          1.0134625524025505,
          0.0,
          1.0710270328979885,
          1.1691512962633068,
          1.2996499098769732,
          1.1295212287553265
        ],
        [
          1.049506501927188,
          0.9987037077959019,
          0.9987849069622806,
          0.9978612409996439,
          1.0064566570291893,
          1.008483095093353,
          1.005303266596984,
          1.0080858881821964,
          1.010018710918937,
          1.008169098455317,
          1.0034194135669694,
          1.0030219388720565,
          0.9983166103119532,
          1.0085533499324015,
          1.0026214324574463,
          0.9841106279499708,
          1.0759259605147486,
          1.0086037946540012,
          1.0081957682098421,
          1.0043653180514012,
          1.3622514578029428,
          1.025705287806252,
          1.02625208591323,
          1.0678778020768354,
          1.0253975745133714,
          1.029591600566787,
          1.0710270328979885,
          0.0,
          1.0764543379161473,
          1.096897958551119,
          1.2633255581525424
        ],
        [
          1.03419092854278,
          0.995202071270177,
          0.9952696573505075,
          0.9943884738193778,
          1.0029790938393597,
          1.0050187700690563,
          1.0018339551146673,
          1.0046189313818452,
          1.0065645539460113,
          1.004721743612562,
          1.0000382166964086,
          0.999472164389867,
          0.9947791248863308,
          1.0051035367287429,
          0.9990957300006756,
          0.9805019756158838,
          1.0525509597528784,
          1.0051351575241119,
          1.004723872401697,
          1.00088215541931,
          1.033072057769277,
          1.0168198891684979,
          1.0158122654686776,
          1.048273348618767,
          1.014697557205263,
          1.0182714536247122,
          1.1691512962633068,
          1.0764543379161473,
          0.0,
          1.2183063900735154,
          1.1390680074037511
        ],
        [
          1.0461339800664553,
          0.9947588349891296,
          0.9948240095879327,
          0.9939531904146636,
          1.0025065509935767,
          1.00453955249748,
          1.0013676979566906,
          1.004141019266309,
          1.0060802756004943,
          1.0042465642552538,
          0.9996419296239184,
          0.9990034237944735,
          0.9943321011799711,
          1.004626238949912,
          0.9987007210341651,
          0.9801274030740129,
          1.0711104533977096,
          1.0046869099548912,
          1.004282135312515,
          1.0004186555109942,
          1.0432811145984346,
          1.0218868872097542,
          1.0222809784197036,
          1.0625225919171082,
          1.0215913221446888,
          1.0257180683415352,
          1.2996499098769732,
          1.096897958551119,
          1.2183063900735154,
          0.0,
          1.1667157021164625
        ],
        [
          1.093242338261151,
          0.9978289495114319,
          0.9979053898100637,
          0.9970022594415816,
          1.0055238433012805,
          1.0075370945881268,
          1.0043830788718755,
          1.0071424673183427,
          1.0090627123685918,
          1.0072319105653142,
          1.0027012214657636,
          1.0020984464007057,
          0.9974346253677648,
          1.0076115183386067,
          1.001928599451729,
          0.9834030679193033,
          1.1454996988293729,
          1.0077618977389882,
          1.0073735140927804,
          1.003450538982262,
          1.1263688808755503,
          1.0451593984387217,
          1.0506309636612088,
          1.1234911861049972,
          1.0514280477199067,
          1.0575942198737873,
          1.1295212287553265,
          1.2633255581525424,
          1.1390680074037511,
          1.1667157021164625,
          0.0
        ]
      ]
    },
    "country": {
      "alphabet": [
        "Canada",
        "China",
        "India",
        "Japan",
        "Mexico",
        "Taiwan",
        "Thailand",
        "USA",
        "Vietnam",
        "null",
        "?"
      ],
      "equilibrium_probabilities": [
        0.08519383445308017,
        0.09911168026047149,
        0.1049456985569951,
        0.07844536096302085,
        0.06317961817035439,
        0.08792525343704292,
        0.10132110312707557,
        0.15522168352936488,
        0.12068952521080947,
        0.10396624229178514
      ],
      "rate": 1.303752671106626,
      "transition_matrix": [
        [
          0.0,
          0.9760720132568417,
          1.0466231107005106,
          1.0019901749011046,
          1.0100829832580265,
          1.0137899830166914,
          1.0383414497335977,
          1.0090374008735998,
          1.0463799559754527,
          1.0465059199305236
        ],
        [
          0.9760720132568417,
          0.0,
          1.33915047186132,
          0.936130368194597,
          1.0235411319576804,
          1.411969830856137,
          1.8463677215027112,
          1.1498369445181211,
          2.1999052173119003,
          1.4441570286955543
        ],
        [
          1.0466231107005106,
          1.33915047186132,
          0.0,
          0.9924610044847999,
          1.0021356028128672,
          1.007024837575305,
          1.0371396206001056,
          0.6216753061208304,
          1.1871234487193694,
          1.0470036890122738
        ],
        [
          1.0019901749011046,
          0.936130368194597,
          0.9924610044847999,
          0.0,
          0.9817545412829444,
          0.9758308989213864,
          0.9873966362273919,
          1.6441931308545557,
          0.984606076678186,
          0.9928459830709733
        ],
        [
          1.0100829832580265,
          1.0235411319576804,
          1.0021356028128672,
          0.9817545412829444,
          0.0,
          0.9863846060791238,
          0.9980427779738158,
          3.1781244648553706,
          0.9956224823251466,
          1.0024607730050306
        ],
        [
          1.0137899830166914,
          1.411969830856137,
          1.007024837575305,
          0.9758308989213864,
          0.9863846060791238,
          0.0,
          1.000676055570208,
          0.95992603339695,
          1.0016443787265445,
          1.0073159784925545
        ],
        [
          1.0383414497335977,
          1.8463677215027112,
          1.0371396206001056,
          0.9873966362273919,
          0.9980427779738158,
          1.000676055570208,
          0.0,
          0.9369124421733932,
          1.2657695953734491,
          1.0368804201973911
        ],
        [
          1.0090374008735998,
          1.1498369445181211,
          0.6216753061208304,
          1.6441931308545557,
          3.1781244648553706,
          0.95992603339695,
          0.9369124421733932,
          0.0,
          0.5861329181671917,
          0.623974631381037
        ],
        [
          1.0463799559754527,
          2.1999052173119003,
          1.1871234487193694,
          0.984606076678186,
          0.9956224823251466,
          1.0016443787265445,
          1.2657695953734491,
          0.5861329181671917,
          0.0,
          1.0468110281115042
        ],
        [
          1.0465059199305236,
          1.4441570286955543,
          1.0470036890122738,
          0.9928459830709733,
          1.0024607730050306,
          1.0073159784925545,
          1.0368804201973911,
          0.623974631381037,
          1.0468110281115042,
          0.0
        ]
      ]
    },
    "rflp": {
      "alphabet": [
        "1-1-2",
        "1-1-3",
        "1-1-4",
        "1-10-1",
        "1-10-2",
        "1-10-4",
        "1-12-1",
        "1-12-2",
        "1-12-4",
        "1-13-2",
        "1-153-4",
        "1-16-2",
        "1-16-3",
        "1-16-4",
        "1-17-4",
        "1-18-1",
        "1-18-2",
        "1-18-4",
        "1-19-2",
        "1-19-4",
        "1-19-6",
        "1-2-1",
        "1-2-2",
        "1-2-3",
        "1-2-4",
        "1-2-8",
        "1-20-4",
        "1-22-2",
        "1-24-4",
        "1-25-4",
        "1-26-2",
        "1-27-2",
        "1-3-1",
        "1-3-19",
        "1-3-2",
        "1-3-3",
        "1-3-4",
        "1-3-6",
        "1-3-7",
        "1-30-2",
        "1-30-4",
        "1-33-2",
        "1-37-2",
        "1-39-2",
        "1-4-1",
        "1-4-2",
        "1-4-3",
        "1-4-4",
        "1-4-6",
        "1-4-8",
        "1-5-1",
        "1-5-3",
        "1-55-4",
        "1-6-1",
        "1-6-2",
        "1-6-3",
        "1-6-4",
        "1-7-1",
        "1-7-2",
        "1-7-3",
        "1-7-4",
        "1-79-4",
        "1-8-2",
        "1-8-3",
        "1-8-4",
        "1-84-4",
        "1-X-4",
        "2-5-2",
        "2-6-2",
        "2-71-2",
        "?"
      ],
      "equilibrium_probabilities": [
        0.014120947275424225,
        0.015815419193610143,
        0.01478841934386354,
        0.015646756390508332,
        0.014660095211818783,
        0.015436227837280566,
        0.015337158054078665,
        0.015084495463639946,
        0.013236296114061623,
        0.01575399309328706,
        0.015084287014043561,
        0.015101529166349267,
        0.015078261573413314,
        0.012812519225337413,
        0.015273605401168264,
        0.015918624441084796,
        0.01573090816553451,
        0.014789266313031364,
        0.01578307384350909,
        0.015783956829544567,
        0.015781709213044986,
        0.015111986615494144,
        0.011386639407386448,
        0.014787765115435956,
        0.01047529591725049,
        0.015418425948246868,
        0.015456931854488098,
        0.015292993965096494,
        0.015787062605110418,
        0.01479140650503889,
        0.015978420059813144,
        0.015451254686825117,
        0.013881489627918292,
        0.015017205164134321,
        0.00865475586046481,
        0.014985179833488037,
        0.008362327157435843,
        0.01533128375668486,
        0.014880085726523738,
        0.01542674526161712,
        0.015825583851800988,
        0.014885503528439136,
        0.015488219465324932,
        0.01579081648305224,
        0.011221697362869208,
        0.007438026552439439,
        0.010020277097201942,
        0.006029325961314546,
        0.014878594390143786,
        0.015178572783922609,
        0.014875280652914135,
        0.015705827021329718,
        0.01480861798310488,
        0.015646738497553003,
        0.015665510765953704,
        0.015312496446610625,
        0.01562830755221227,
        0.015622302004720638,
        0.013305825404314589,
        0.01570335047185174,
        0.009533513046569141,
        0.015781756165154228,
        0.012680935362620821,
        0.013401500158700274,
        0.009414109042103769,
        0.014792310525125606,
        0.015333786131580245,
        0.015235233193812873,
        0.015546254521237297,
        0.015754923343934593
      ],
      "rate": 12.435788139594063,
      "transition_matrix": [
        [
          0.0,
          0.9871622309810592,
          0.9870944030616777,
          0.9871786746189697,
          0.9873048926489281,
          0.9874777511614489,
          0.9872452264020719,
          0.9872982365860348,
          0.9868266953583992,
          0.9872859159768891,
          0.9872996608733914,
          0.987087523714523,
          0.9873686873485814,
          0.9872659314858163,
          0.9870274384344138,
          0.9871230715504765,
          0.9881206071967809,
          0.9863430757780268,
          0.9874239279221598,
          0.9874227327271159,
          0.9874232821962754,
          0.9875245114552714,
          0.9859344265514862,
          0.9871421785339101,
          1.4934711366152196,
          0.987318073660686,
          0.9866695466516531,
          0.9864712933060992,
          0.9874070624064016,
          0.9873152817619983,
          1.4798139224400884,
          0.9875198085564935,
          1.4795821946699867,
          0.9875725833789057,
          2.9460923271858266,
          0.9865771157024109,
          0.9774443093553576,
          0.9873048680871347,
          0.9873390800384522,
          0.9872238825516096,
          0.9867155274523178,
          0.9872740254149153,
          0.988079436154062,
          0.9872364428895118,
          0.9868145574982219,
          1.96896766524256,
          0.9860534564312717,
          0.9735596237628149,
          0.9873568408413415,
          0.987313452744081,
          0.987194486366366,
          0.9872746563009,
          0.9870556456964635,
          0.9873287222107767,
          0.9873552092490634,
          0.9834751962071807,
          0.9872556710301945,
          0.9873461785532193,
          0.9871318199615133,
          0.9871748174678955,
          0.9842550592274741,
          0.9871419496260451,
          0.9881184718540302,
          0.9877054551439447,
          1.0120511888119534,
          0.9873036780078558,
          0.9872866279236948,
          0.9861225313179921,
          0.9874779963491205,
          0.9872427665310773
        ],
        [
          0.9871622309810592,
          0.0,
          0.9884808181475168,
          0.9887165977151603,
          0.9887582641053352,
          0.9890282691685715,
          0.9887590795078803,
          0.9887948245887177,
          0.9880873912414888,
          0.9888433209518093,
          0.9887964043690979,
